(kicad_pcb (version 20171130) (host pcbnew "(5.0.0)")

  (general
    (thickness 1.6)
    (drawings 0)
    (tracks 0)
    (zones 0)
    (modules 32)
    (nets 45)
  )

  (page A4)
  (layers
    (0 F.Cu signal)
    (31 B.Cu signal)
    (32 B.Adhes user)
    (33 F.Adhes user)
    (34 B.Paste user)
    (35 F.Paste user)
    (36 B.SilkS user)
    (37 F.SilkS user)
    (38 B.Mask user)
    (39 F.Mask user)
    (40 Dwgs.User user)
    (41 Cmts.User user)
    (42 Eco1.User user)
    (43 Eco2.User user)
    (44 Edge.Cuts user)
    (45 Margin user)
    (46 B.CrtYd user)
    (47 F.CrtYd user)
    (48 B.Fab user)
    (49 F.Fab user)
  )

  (setup
    (last_trace_width 0.25)
    (trace_clearance 0.2)
    (zone_clearance 0.508)
    (zone_45_only no)
    (trace_min 0.2)
    (segment_width 0.2)
    (edge_width 0.15)
    (via_size 0.8)
    (via_drill 0.4)
    (via_min_size 0.4)
    (via_min_drill 0.3)
    (uvia_size 0.3)
    (uvia_drill 0.1)
    (uvias_allowed no)
    (uvia_min_size 0.2)
    (uvia_min_drill 0.1)
    (pcb_text_width 0.3)
    (pcb_text_size 1.5 1.5)
    (mod_edge_width 0.15)
    (mod_text_size 1 1)
    (mod_text_width 0.15)
    (pad_size 1.524 1.524)
    (pad_drill 0.762)
    (pad_to_mask_clearance 0.2)
    (aux_axis_origin 0 0)
    (visible_elements 7FFFFFFF)
    (pcbplotparams
      (layerselection 0x010fc_ffffffff)
      (usegerberextensions false)
      (usegerberattributes false)
      (usegerberadvancedattributes false)
      (creategerberjobfile false)
      (excludeedgelayer true)
      (linewidth 0.100000)
      (plotframeref false)
      (viasonmask false)
      (mode 1)
      (useauxorigin false)
      (hpglpennumber 1)
      (hpglpenspeed 20)
      (hpglpendiameter 15.000000)
      (psnegative false)
      (psa4output false)
      (plotreference true)
      (plotvalue true)
      (plotinvisibletext false)
      (padsonsilk false)
      (subtractmaskfromsilk false)
      (outputformat 1)
      (mirror false)
      (drillshape 1)
      (scaleselection 1)
      (outputdirectory ""))
  )

  (net 0 "")
  (net 1 "Net-(R7-Pad1)")
  (net 2 /Controller/AirExtractor_N)
  (net 3 "Net-(R4-Pad1)")
  (net 4 "Net-(C1-Pad1)")
  (net 5 "Net-(R5-Pad1)")
  (net 6 "Net-(R11-Pad1)")
  (net 7 /Controller/EAKITCHN)
  (net 8 /Controller/ExtractAir_WC)
  (net 9 "Net-(R10-Pad1)")
  (net 10 "Net-(D2-Pad2)")
  (net 11 "Net-(D2-Pad1)")
  (net 12 "Net-(R6-Pad1)")
  (net 13 "Net-(D1-Pad2)")
  (net 14 "Net-(D1-Pad1)")
  (net 15 /Controller/COM)
  (net 16 /Controller/ExtractAir_KITCH)
  (net 17 "Net-(D4-Pad3)")
  (net 18 /Controller/VREF)
  (net 19 /Controller/AIN)
  (net 20 "Net-(D3-Pad3)")
  (net 21 "Net-(R9-Pad1)")
  (net 22 /Controller/12VDC)
  (net 23 "Net-(R12-Pad1)")
  (net 24 /Controller/ACL)
  (net 25 "Net-(R15-Pad2)")
  (net 26 "Net-(R17-Pad2)")
  (net 27 /Controller/K0)
  (net 28 "Net-(F1-Pad1)")
  (net 29 "Net-(K3-Pad22)")
  (net 30 "Net-(K3-Pad12)")
  (net 31 /Controller/iSocket)
  (net 32 "Net-(K4-Pad12)")
  (net 33 "Net-(K4-Pad22)")
  (net 34 /Controller/AirExtractor_L)
  (net 35 /Controller/ISOCKN)
  (net 36 /Controller/K1)
  (net 37 /Controller/LIGHTON)
  (net 38 /Controller/LPULSE)
  (net 39 /Controller/LIGHTBASH2)
  (net 40 /Controller/LIGHTBASH1)
  (net 41 /Controller/LIGHTWC1)
  (net 42 /Controller/LIGHTWC2)
  (net 43 "Net-(K5-Pad12)")
  (net 44 "Net-(K6-Pad12)")

  (net_class Default "This is the default net class."
    (clearance 0.2)
    (trace_width 0.25)
    (via_dia 0.8)
    (via_drill 0.4)
    (uvia_dia 0.3)
    (uvia_drill 0.1)
    (add_net /Controller/12VDC)
    (add_net /Controller/ACL)
    (add_net /Controller/AIN)
    (add_net /Controller/AirExtractor_L)
    (add_net /Controller/AirExtractor_N)
    (add_net /Controller/COM)
    (add_net /Controller/EAKITCHN)
    (add_net /Controller/ExtractAir_KITCH)
    (add_net /Controller/ExtractAir_WC)
    (add_net /Controller/ISOCKN)
    (add_net /Controller/K0)
    (add_net /Controller/K1)
    (add_net /Controller/LIGHTBASH1)
    (add_net /Controller/LIGHTBASH2)
    (add_net /Controller/LIGHTON)
    (add_net /Controller/LIGHTWC1)
    (add_net /Controller/LIGHTWC2)
    (add_net /Controller/LPULSE)
    (add_net /Controller/VREF)
    (add_net /Controller/iSocket)
    (add_net "Net-(C1-Pad1)")
    (add_net "Net-(D1-Pad1)")
    (add_net "Net-(D1-Pad2)")
    (add_net "Net-(D2-Pad1)")
    (add_net "Net-(D2-Pad2)")
    (add_net "Net-(D3-Pad3)")
    (add_net "Net-(D4-Pad3)")
    (add_net "Net-(F1-Pad1)")
    (add_net "Net-(K3-Pad12)")
    (add_net "Net-(K3-Pad22)")
    (add_net "Net-(K4-Pad12)")
    (add_net "Net-(K4-Pad22)")
    (add_net "Net-(K5-Pad12)")
    (add_net "Net-(K6-Pad12)")
    (add_net "Net-(R10-Pad1)")
    (add_net "Net-(R11-Pad1)")
    (add_net "Net-(R12-Pad1)")
    (add_net "Net-(R15-Pad2)")
    (add_net "Net-(R17-Pad2)")
    (add_net "Net-(R4-Pad1)")
    (add_net "Net-(R5-Pad1)")
    (add_net "Net-(R6-Pad1)")
    (add_net "Net-(R7-Pad1)")
    (add_net "Net-(R9-Pad1)")
  )

  (module Diode_SMD:D_MiniMELF (layer F.Cu) (tedit 5905D8F5) (tstamp 5BC67ECA)
    (at 126.945001 124.045001)
    (descr "Diode Mini-MELF")
    (tags "Diode Mini-MELF")
    (path /5BC6397F/5BC8BE72)
    (attr smd)
    (fp_text reference D1 (at 0 -2) (layer F.SilkS)
      (effects (font (size 1 1) (thickness 0.15)))
    )
    (fp_text value LL4148 (at 0 1.75) (layer F.Fab)
      (effects (font (size 1 1) (thickness 0.15)))
    )
    (fp_line (start -2.65 1.1) (end -2.65 -1.1) (layer F.CrtYd) (width 0.05))
    (fp_line (start 2.65 1.1) (end -2.65 1.1) (layer F.CrtYd) (width 0.05))
    (fp_line (start 2.65 -1.1) (end 2.65 1.1) (layer F.CrtYd) (width 0.05))
    (fp_line (start -2.65 -1.1) (end 2.65 -1.1) (layer F.CrtYd) (width 0.05))
    (fp_line (start -0.75 0) (end -0.35 0) (layer F.Fab) (width 0.1))
    (fp_line (start -0.35 0) (end -0.35 -0.55) (layer F.Fab) (width 0.1))
    (fp_line (start -0.35 0) (end -0.35 0.55) (layer F.Fab) (width 0.1))
    (fp_line (start -0.35 0) (end 0.25 -0.4) (layer F.Fab) (width 0.1))
    (fp_line (start 0.25 -0.4) (end 0.25 0.4) (layer F.Fab) (width 0.1))
    (fp_line (start 0.25 0.4) (end -0.35 0) (layer F.Fab) (width 0.1))
    (fp_line (start 0.25 0) (end 0.75 0) (layer F.Fab) (width 0.1))
    (fp_line (start -1.65 -0.8) (end 1.65 -0.8) (layer F.Fab) (width 0.1))
    (fp_line (start -1.65 0.8) (end -1.65 -0.8) (layer F.Fab) (width 0.1))
    (fp_line (start 1.65 0.8) (end -1.65 0.8) (layer F.Fab) (width 0.1))
    (fp_line (start 1.65 -0.8) (end 1.65 0.8) (layer F.Fab) (width 0.1))
    (fp_line (start -2.55 1) (end 1.75 1) (layer F.SilkS) (width 0.12))
    (fp_line (start -2.55 -1) (end -2.55 1) (layer F.SilkS) (width 0.12))
    (fp_line (start 1.75 -1) (end -2.55 -1) (layer F.SilkS) (width 0.12))
    (fp_text user %R (at 0 -2) (layer F.Fab)
      (effects (font (size 1 1) (thickness 0.15)))
    )
    (pad 2 smd rect (at 1.75 0) (size 1.3 1.7) (layers F.Cu F.Paste F.Mask)
      (net 13 "Net-(D1-Pad2)"))
    (pad 1 smd rect (at -1.75 0) (size 1.3 1.7) (layers F.Cu F.Paste F.Mask)
      (net 14 "Net-(D1-Pad1)"))
    (model ${KISYS3DMOD}/Diode_SMD.3dshapes/D_MiniMELF.wrl
      (at (xyz 0 0 0))
      (scale (xyz 1 1 1))
      (rotate (xyz 0 0 0))
    )
  )

  (module Diode_SMD:D_MiniMELF (layer F.Cu) (tedit 5905D8F5) (tstamp 5BC67EB1)
    (at 126.945001 126.295001)
    (descr "Diode Mini-MELF")
    (tags "Diode Mini-MELF")
    (path /5BC6397F/5C06FCE3)
    (attr smd)
    (fp_text reference D2 (at 0 -2) (layer F.SilkS)
      (effects (font (size 1 1) (thickness 0.15)))
    )
    (fp_text value LL4148 (at 0 1.75) (layer F.Fab)
      (effects (font (size 1 1) (thickness 0.15)))
    )
    (fp_text user %R (at 0 -2) (layer F.Fab)
      (effects (font (size 1 1) (thickness 0.15)))
    )
    (fp_line (start 1.75 -1) (end -2.55 -1) (layer F.SilkS) (width 0.12))
    (fp_line (start -2.55 -1) (end -2.55 1) (layer F.SilkS) (width 0.12))
    (fp_line (start -2.55 1) (end 1.75 1) (layer F.SilkS) (width 0.12))
    (fp_line (start 1.65 -0.8) (end 1.65 0.8) (layer F.Fab) (width 0.1))
    (fp_line (start 1.65 0.8) (end -1.65 0.8) (layer F.Fab) (width 0.1))
    (fp_line (start -1.65 0.8) (end -1.65 -0.8) (layer F.Fab) (width 0.1))
    (fp_line (start -1.65 -0.8) (end 1.65 -0.8) (layer F.Fab) (width 0.1))
    (fp_line (start 0.25 0) (end 0.75 0) (layer F.Fab) (width 0.1))
    (fp_line (start 0.25 0.4) (end -0.35 0) (layer F.Fab) (width 0.1))
    (fp_line (start 0.25 -0.4) (end 0.25 0.4) (layer F.Fab) (width 0.1))
    (fp_line (start -0.35 0) (end 0.25 -0.4) (layer F.Fab) (width 0.1))
    (fp_line (start -0.35 0) (end -0.35 0.55) (layer F.Fab) (width 0.1))
    (fp_line (start -0.35 0) (end -0.35 -0.55) (layer F.Fab) (width 0.1))
    (fp_line (start -0.75 0) (end -0.35 0) (layer F.Fab) (width 0.1))
    (fp_line (start -2.65 -1.1) (end 2.65 -1.1) (layer F.CrtYd) (width 0.05))
    (fp_line (start 2.65 -1.1) (end 2.65 1.1) (layer F.CrtYd) (width 0.05))
    (fp_line (start 2.65 1.1) (end -2.65 1.1) (layer F.CrtYd) (width 0.05))
    (fp_line (start -2.65 1.1) (end -2.65 -1.1) (layer F.CrtYd) (width 0.05))
    (pad 1 smd rect (at -1.75 0) (size 1.3 1.7) (layers F.Cu F.Paste F.Mask)
      (net 11 "Net-(D2-Pad1)"))
    (pad 2 smd rect (at 1.75 0) (size 1.3 1.7) (layers F.Cu F.Paste F.Mask)
      (net 10 "Net-(D2-Pad2)"))
    (model ${KISYS3DMOD}/Diode_SMD.3dshapes/D_MiniMELF.wrl
      (at (xyz 0 0 0))
      (scale (xyz 1 1 1))
      (rotate (xyz 0 0 0))
    )
  )

  (module Fuse:Fuseholder_Cylinder-5x20mm_Schurter_0031_8201_Horizontal_Open (layer F.Cu) (tedit 5A1C8BA4) (tstamp 5BC67E98)
    (at 99.780961 122.295001)
    (descr http://www.schurter.com/var/schurter/storage/ilcatalogue/files/document/datasheet/en/pdf/typ_OGN.pdf)
    (tags "Fuseholder horizontal open 5x20 Schurter 0031.8201")
    (path /5BC6397F/5BD5CB3F)
    (fp_text reference F1 (at 11.25 -6) (layer F.SilkS)
      (effects (font (size 1 1) (thickness 0.15)))
    )
    (fp_text value 3A (at 11.25 6) (layer F.Fab)
      (effects (font (size 1 1) (thickness 0.15)))
    )
    (fp_text user %R (at 11.25 4) (layer F.Fab)
      (effects (font (size 1 1) (thickness 0.15)))
    )
    (fp_line (start 0.1 -4.7) (end 0.1 4.7) (layer F.Fab) (width 0.1))
    (fp_line (start 0.1 4.7) (end 22.4 4.7) (layer F.Fab) (width 0.1))
    (fp_line (start 22.4 4.7) (end 22.4 -4.7) (layer F.Fab) (width 0.1))
    (fp_line (start 22.4 -4.7) (end 0.1 -4.7) (layer F.Fab) (width 0.1))
    (fp_line (start -0.25 5.05) (end -0.25 1.95) (layer F.CrtYd) (width 0.05))
    (fp_line (start 22.5 4.8) (end 22.5 2) (layer F.SilkS) (width 0.12))
    (fp_line (start 22.5 -2) (end 22.5 -4.8) (layer F.SilkS) (width 0.12))
    (fp_line (start 0 -2) (end 0 -4.8) (layer F.SilkS) (width 0.12))
    (fp_line (start 0 -4.8) (end 22.5 -4.8) (layer F.SilkS) (width 0.12))
    (fp_line (start 22.75 5.05) (end -0.25 5.05) (layer F.CrtYd) (width 0.05))
    (fp_line (start -0.25 -5.05) (end 22.75 -5.05) (layer F.CrtYd) (width 0.05))
    (fp_line (start 0 4.8) (end 22.5 4.8) (layer F.SilkS) (width 0.12))
    (fp_line (start -0.25 -1.95) (end -0.25 -5.05) (layer F.CrtYd) (width 0.05))
    (fp_line (start 22.75 -1.95) (end 22.75 -5.05) (layer F.CrtYd) (width 0.05))
    (fp_line (start 22.75 1.95) (end 22.75 5.05) (layer F.CrtYd) (width 0.05))
    (fp_line (start 0 4.8) (end 0 2) (layer F.SilkS) (width 0.12))
    (fp_arc (start 22.5 0) (end 22.75 -1.95) (angle 165.3) (layer F.CrtYd) (width 0.05))
    (fp_arc (start 0 0) (end -0.25 1.95) (angle 165.3) (layer F.CrtYd) (width 0.05))
    (pad 1 thru_hole circle (at 0 0) (size 3 3) (drill 1.3) (layers *.Cu *.Mask)
      (net 28 "Net-(F1-Pad1)"))
    (pad 2 thru_hole circle (at 22.5 0) (size 3 3) (drill 1.3) (layers *.Cu *.Mask)
      (net 34 /Controller/AirExtractor_L))
    (pad "" np_thru_hole circle (at 11.25 0) (size 2.7 2.7) (drill 2.7) (layers *.Cu *.Mask))
    (model ${KISYS3DMOD}/Fuse.3dshapes/FuseHolder_FSH.wrl
      (offset (xyz 11 0 5))
      (scale (xyz 4.8 4.8 4.8))
      (rotate (xyz 0 0 0))
    )
  )

  (module Package_DIP:DIP-4_W7.62mm (layer F.Cu) (tedit 5A02E8C5) (tstamp 5BC67E7E)
    (at 125.395001 118.795001)
    (descr "4-lead though-hole mounted DIP package, row spacing 7.62 mm (300 mils)")
    (tags "THT DIP DIL PDIP 2.54mm 7.62mm 300mil")
    (path /5BC6397F/5BC87B94)
    (fp_text reference U1 (at 3.81 -2.33) (layer F.SilkS)
      (effects (font (size 1 1) (thickness 0.15)))
    )
    (fp_text value LTV-817 (at 3.81 4.87) (layer F.Fab)
      (effects (font (size 1 1) (thickness 0.15)))
    )
    (fp_text user %R (at 3.81 1.27) (layer F.Fab)
      (effects (font (size 1 1) (thickness 0.15)))
    )
    (fp_line (start 8.7 -1.55) (end -1.1 -1.55) (layer F.CrtYd) (width 0.05))
    (fp_line (start 8.7 4.1) (end 8.7 -1.55) (layer F.CrtYd) (width 0.05))
    (fp_line (start -1.1 4.1) (end 8.7 4.1) (layer F.CrtYd) (width 0.05))
    (fp_line (start -1.1 -1.55) (end -1.1 4.1) (layer F.CrtYd) (width 0.05))
    (fp_line (start 6.46 -1.33) (end 4.81 -1.33) (layer F.SilkS) (width 0.12))
    (fp_line (start 6.46 3.87) (end 6.46 -1.33) (layer F.SilkS) (width 0.12))
    (fp_line (start 1.16 3.87) (end 6.46 3.87) (layer F.SilkS) (width 0.12))
    (fp_line (start 1.16 -1.33) (end 1.16 3.87) (layer F.SilkS) (width 0.12))
    (fp_line (start 2.81 -1.33) (end 1.16 -1.33) (layer F.SilkS) (width 0.12))
    (fp_line (start 0.635 -0.27) (end 1.635 -1.27) (layer F.Fab) (width 0.1))
    (fp_line (start 0.635 3.81) (end 0.635 -0.27) (layer F.Fab) (width 0.1))
    (fp_line (start 6.985 3.81) (end 0.635 3.81) (layer F.Fab) (width 0.1))
    (fp_line (start 6.985 -1.27) (end 6.985 3.81) (layer F.Fab) (width 0.1))
    (fp_line (start 1.635 -1.27) (end 6.985 -1.27) (layer F.Fab) (width 0.1))
    (fp_arc (start 3.81 -1.33) (end 2.81 -1.33) (angle -180) (layer F.SilkS) (width 0.12))
    (pad 4 thru_hole oval (at 7.62 0) (size 1.6 1.6) (drill 0.8) (layers *.Cu *.Mask)
      (net 38 /Controller/LPULSE))
    (pad 2 thru_hole oval (at 0 2.54) (size 1.6 1.6) (drill 0.8) (layers *.Cu *.Mask)
      (net 13 "Net-(D1-Pad2)"))
    (pad 3 thru_hole oval (at 7.62 2.54) (size 1.6 1.6) (drill 0.8) (layers *.Cu *.Mask)
      (net 15 /Controller/COM))
    (pad 1 thru_hole rect (at 0 0) (size 1.6 1.6) (drill 0.8) (layers *.Cu *.Mask)
      (net 14 "Net-(D1-Pad1)"))
    (model ${KISYS3DMOD}/Package_DIP.3dshapes/DIP-4_W7.62mm.wrl
      (at (xyz 0 0 0))
      (scale (xyz 1 1 1))
      (rotate (xyz 0 0 0))
    )
  )

  (module Package_DIP:DIP-4_W7.62mm (layer F.Cu) (tedit 5A02E8C5) (tstamp 5BC67E66)
    (at 160.095001 101.595001)
    (descr "4-lead though-hole mounted DIP package, row spacing 7.62 mm (300 mils)")
    (tags "THT DIP DIL PDIP 2.54mm 7.62mm 300mil")
    (path /5BC6397F/5C09C33B)
    (fp_text reference U3 (at 3.81 -2.33) (layer F.SilkS)
      (effects (font (size 1 1) (thickness 0.15)))
    )
    (fp_text value LTV-817 (at 3.81 4.87) (layer F.Fab)
      (effects (font (size 1 1) (thickness 0.15)))
    )
    (fp_arc (start 3.81 -1.33) (end 2.81 -1.33) (angle -180) (layer F.SilkS) (width 0.12))
    (fp_line (start 1.635 -1.27) (end 6.985 -1.27) (layer F.Fab) (width 0.1))
    (fp_line (start 6.985 -1.27) (end 6.985 3.81) (layer F.Fab) (width 0.1))
    (fp_line (start 6.985 3.81) (end 0.635 3.81) (layer F.Fab) (width 0.1))
    (fp_line (start 0.635 3.81) (end 0.635 -0.27) (layer F.Fab) (width 0.1))
    (fp_line (start 0.635 -0.27) (end 1.635 -1.27) (layer F.Fab) (width 0.1))
    (fp_line (start 2.81 -1.33) (end 1.16 -1.33) (layer F.SilkS) (width 0.12))
    (fp_line (start 1.16 -1.33) (end 1.16 3.87) (layer F.SilkS) (width 0.12))
    (fp_line (start 1.16 3.87) (end 6.46 3.87) (layer F.SilkS) (width 0.12))
    (fp_line (start 6.46 3.87) (end 6.46 -1.33) (layer F.SilkS) (width 0.12))
    (fp_line (start 6.46 -1.33) (end 4.81 -1.33) (layer F.SilkS) (width 0.12))
    (fp_line (start -1.1 -1.55) (end -1.1 4.1) (layer F.CrtYd) (width 0.05))
    (fp_line (start -1.1 4.1) (end 8.7 4.1) (layer F.CrtYd) (width 0.05))
    (fp_line (start 8.7 4.1) (end 8.7 -1.55) (layer F.CrtYd) (width 0.05))
    (fp_line (start 8.7 -1.55) (end -1.1 -1.55) (layer F.CrtYd) (width 0.05))
    (fp_text user %R (at 3.81 1.27) (layer F.Fab)
      (effects (font (size 1 1) (thickness 0.15)))
    )
    (pad 1 thru_hole rect (at 0 0) (size 1.6 1.6) (drill 0.8) (layers *.Cu *.Mask)
      (net 11 "Net-(D2-Pad1)"))
    (pad 3 thru_hole oval (at 7.62 2.54) (size 1.6 1.6) (drill 0.8) (layers *.Cu *.Mask)
      (net 15 /Controller/COM))
    (pad 2 thru_hole oval (at 0 2.54) (size 1.6 1.6) (drill 0.8) (layers *.Cu *.Mask)
      (net 10 "Net-(D2-Pad2)"))
    (pad 4 thru_hole oval (at 7.62 0) (size 1.6 1.6) (drill 0.8) (layers *.Cu *.Mask)
      (net 37 /Controller/LIGHTON))
    (model ${KISYS3DMOD}/Package_DIP.3dshapes/DIP-4_W7.62mm.wrl
      (at (xyz 0 0 0))
      (scale (xyz 1 1 1))
      (rotate (xyz 0 0 0))
    )
  )

  (module Package_TO_SOT_SMD:SOT-223 (layer F.Cu) (tedit 5A02FF57) (tstamp 5BC67E4E)
    (at 138.545001 120.605001)
    (descr "module CMS SOT223 4 pins")
    (tags "CMS SOT")
    (path /5BC6397F/5BFEC46C)
    (attr smd)
    (fp_text reference D3 (at 0 -4.5) (layer F.SilkS)
      (effects (font (size 1 1) (thickness 0.15)))
    )
    (fp_text value Z0103MN (at 0 4.5) (layer F.Fab)
      (effects (font (size 1 1) (thickness 0.15)))
    )
    (fp_line (start 1.85 -3.35) (end 1.85 3.35) (layer F.Fab) (width 0.1))
    (fp_line (start -1.85 3.35) (end 1.85 3.35) (layer F.Fab) (width 0.1))
    (fp_line (start -4.1 -3.41) (end 1.91 -3.41) (layer F.SilkS) (width 0.12))
    (fp_line (start -0.8 -3.35) (end 1.85 -3.35) (layer F.Fab) (width 0.1))
    (fp_line (start -1.85 3.41) (end 1.91 3.41) (layer F.SilkS) (width 0.12))
    (fp_line (start -1.85 -2.3) (end -1.85 3.35) (layer F.Fab) (width 0.1))
    (fp_line (start -4.4 -3.6) (end -4.4 3.6) (layer F.CrtYd) (width 0.05))
    (fp_line (start -4.4 3.6) (end 4.4 3.6) (layer F.CrtYd) (width 0.05))
    (fp_line (start 4.4 3.6) (end 4.4 -3.6) (layer F.CrtYd) (width 0.05))
    (fp_line (start 4.4 -3.6) (end -4.4 -3.6) (layer F.CrtYd) (width 0.05))
    (fp_line (start 1.91 -3.41) (end 1.91 -2.15) (layer F.SilkS) (width 0.12))
    (fp_line (start 1.91 3.41) (end 1.91 2.15) (layer F.SilkS) (width 0.12))
    (fp_line (start -1.85 -2.3) (end -0.8 -3.35) (layer F.Fab) (width 0.1))
    (fp_text user %R (at 0 0 90) (layer F.Fab)
      (effects (font (size 0.8 0.8) (thickness 0.12)))
    )
    (pad 1 smd rect (at -3.15 -2.3) (size 2 1.5) (layers F.Cu F.Paste F.Mask)
      (net 8 /Controller/ExtractAir_WC))
    (pad 3 smd rect (at -3.15 2.3) (size 2 1.5) (layers F.Cu F.Paste F.Mask)
      (net 20 "Net-(D3-Pad3)"))
    (pad 2 smd rect (at -3.15 0) (size 2 1.5) (layers F.Cu F.Paste F.Mask)
      (net 24 /Controller/ACL))
    (pad 4 smd rect (at 3.15 0) (size 2 3.8) (layers F.Cu F.Paste F.Mask)
      (net 24 /Controller/ACL))
    (model ${KISYS3DMOD}/Package_TO_SOT_SMD.3dshapes/SOT-223.wrl
      (at (xyz 0 0 0))
      (scale (xyz 1 1 1))
      (rotate (xyz 0 0 0))
    )
  )

  (module Package_TO_SOT_SMD:SOT-223 (layer F.Cu) (tedit 5A02FF57) (tstamp 5BC67E38)
    (at 147.395001 120.605001)
    (descr "module CMS SOT223 4 pins")
    (tags "CMS SOT")
    (path /5BC6397F/5BFEC09C)
    (attr smd)
    (fp_text reference D4 (at 0 -4.5) (layer F.SilkS)
      (effects (font (size 1 1) (thickness 0.15)))
    )
    (fp_text value Z0103MN (at 0 4.5) (layer F.Fab)
      (effects (font (size 1 1) (thickness 0.15)))
    )
    (fp_text user %R (at 0 0 90) (layer F.Fab)
      (effects (font (size 0.8 0.8) (thickness 0.12)))
    )
    (fp_line (start -1.85 -2.3) (end -0.8 -3.35) (layer F.Fab) (width 0.1))
    (fp_line (start 1.91 3.41) (end 1.91 2.15) (layer F.SilkS) (width 0.12))
    (fp_line (start 1.91 -3.41) (end 1.91 -2.15) (layer F.SilkS) (width 0.12))
    (fp_line (start 4.4 -3.6) (end -4.4 -3.6) (layer F.CrtYd) (width 0.05))
    (fp_line (start 4.4 3.6) (end 4.4 -3.6) (layer F.CrtYd) (width 0.05))
    (fp_line (start -4.4 3.6) (end 4.4 3.6) (layer F.CrtYd) (width 0.05))
    (fp_line (start -4.4 -3.6) (end -4.4 3.6) (layer F.CrtYd) (width 0.05))
    (fp_line (start -1.85 -2.3) (end -1.85 3.35) (layer F.Fab) (width 0.1))
    (fp_line (start -1.85 3.41) (end 1.91 3.41) (layer F.SilkS) (width 0.12))
    (fp_line (start -0.8 -3.35) (end 1.85 -3.35) (layer F.Fab) (width 0.1))
    (fp_line (start -4.1 -3.41) (end 1.91 -3.41) (layer F.SilkS) (width 0.12))
    (fp_line (start -1.85 3.35) (end 1.85 3.35) (layer F.Fab) (width 0.1))
    (fp_line (start 1.85 -3.35) (end 1.85 3.35) (layer F.Fab) (width 0.1))
    (pad 4 smd rect (at 3.15 0) (size 2 3.8) (layers F.Cu F.Paste F.Mask)
      (net 24 /Controller/ACL))
    (pad 2 smd rect (at -3.15 0) (size 2 1.5) (layers F.Cu F.Paste F.Mask)
      (net 24 /Controller/ACL))
    (pad 3 smd rect (at -3.15 2.3) (size 2 1.5) (layers F.Cu F.Paste F.Mask)
      (net 17 "Net-(D4-Pad3)"))
    (pad 1 smd rect (at -3.15 -2.3) (size 2 1.5) (layers F.Cu F.Paste F.Mask)
      (net 16 /Controller/ExtractAir_KITCH))
    (model ${KISYS3DMOD}/Package_TO_SOT_SMD.3dshapes/SOT-223.wrl
      (at (xyz 0 0 0))
      (scale (xyz 1 1 1))
      (rotate (xyz 0 0 0))
    )
  )

  (module Resistor_SMD:R_0805_2012Metric_Pad1.15x1.40mm_HandSolder (layer F.Cu) (tedit 5B36C52B) (tstamp 5BC67D4C)
    (at 160.845001 115.175001)
    (descr "Resistor SMD 0805 (2012 Metric), square (rectangular) end terminal, IPC_7351 nominal with elongated pad for handsoldering. (Body size source: https://docs.google.com/spreadsheets/d/1BsfQQcO9C6DZCsRaXUlFlo91Tg2WpOkGARC1WS5S8t0/edit?usp=sharing), generated with kicad-footprint-generator")
    (tags "resistor handsolder")
    (path /5BC6397F/5BCF5009)
    (attr smd)
    (fp_text reference R17 (at 0 -1.65) (layer F.SilkS)
      (effects (font (size 1 1) (thickness 0.15)))
    )
    (fp_text value R (at 0 1.65) (layer F.Fab)
      (effects (font (size 1 1) (thickness 0.15)))
    )
    (fp_text user %R (at 0 0) (layer F.Fab)
      (effects (font (size 0.5 0.5) (thickness 0.08)))
    )
    (fp_line (start 1.85 0.95) (end -1.85 0.95) (layer F.CrtYd) (width 0.05))
    (fp_line (start 1.85 -0.95) (end 1.85 0.95) (layer F.CrtYd) (width 0.05))
    (fp_line (start -1.85 -0.95) (end 1.85 -0.95) (layer F.CrtYd) (width 0.05))
    (fp_line (start -1.85 0.95) (end -1.85 -0.95) (layer F.CrtYd) (width 0.05))
    (fp_line (start -0.261252 0.71) (end 0.261252 0.71) (layer F.SilkS) (width 0.12))
    (fp_line (start -0.261252 -0.71) (end 0.261252 -0.71) (layer F.SilkS) (width 0.12))
    (fp_line (start 1 0.6) (end -1 0.6) (layer F.Fab) (width 0.1))
    (fp_line (start 1 -0.6) (end 1 0.6) (layer F.Fab) (width 0.1))
    (fp_line (start -1 -0.6) (end 1 -0.6) (layer F.Fab) (width 0.1))
    (fp_line (start -1 0.6) (end -1 -0.6) (layer F.Fab) (width 0.1))
    (pad 2 smd roundrect (at 1.025 0) (size 1.15 1.4) (layers F.Cu F.Paste F.Mask) (roundrect_rratio 0.217391)
      (net 26 "Net-(R17-Pad2)"))
    (pad 1 smd roundrect (at -1.025 0) (size 1.15 1.4) (layers F.Cu F.Paste F.Mask) (roundrect_rratio 0.217391)
      (net 24 /Controller/ACL))
    (model ${KISYS3DMOD}/Resistor_SMD.3dshapes/R_0805_2012Metric.wrl
      (at (xyz 0 0 0))
      (scale (xyz 1 1 1))
      (rotate (xyz 0 0 0))
    )
  )

  (module Resistor_SMD:R_0805_2012Metric_Pad1.15x1.40mm_HandSolder (layer F.Cu) (tedit 5B36C52B) (tstamp 5BC67D3B)
    (at 160.845001 113.225001)
    (descr "Resistor SMD 0805 (2012 Metric), square (rectangular) end terminal, IPC_7351 nominal with elongated pad for handsoldering. (Body size source: https://docs.google.com/spreadsheets/d/1BsfQQcO9C6DZCsRaXUlFlo91Tg2WpOkGARC1WS5S8t0/edit?usp=sharing), generated with kicad-footprint-generator")
    (tags "resistor handsolder")
    (path /5BC6397F/5BC6465A)
    (attr smd)
    (fp_text reference R15 (at 0 -1.65) (layer F.SilkS)
      (effects (font (size 1 1) (thickness 0.15)))
    )
    (fp_text value R (at 0 1.65) (layer F.Fab)
      (effects (font (size 1 1) (thickness 0.15)))
    )
    (fp_line (start -1 0.6) (end -1 -0.6) (layer F.Fab) (width 0.1))
    (fp_line (start -1 -0.6) (end 1 -0.6) (layer F.Fab) (width 0.1))
    (fp_line (start 1 -0.6) (end 1 0.6) (layer F.Fab) (width 0.1))
    (fp_line (start 1 0.6) (end -1 0.6) (layer F.Fab) (width 0.1))
    (fp_line (start -0.261252 -0.71) (end 0.261252 -0.71) (layer F.SilkS) (width 0.12))
    (fp_line (start -0.261252 0.71) (end 0.261252 0.71) (layer F.SilkS) (width 0.12))
    (fp_line (start -1.85 0.95) (end -1.85 -0.95) (layer F.CrtYd) (width 0.05))
    (fp_line (start -1.85 -0.95) (end 1.85 -0.95) (layer F.CrtYd) (width 0.05))
    (fp_line (start 1.85 -0.95) (end 1.85 0.95) (layer F.CrtYd) (width 0.05))
    (fp_line (start 1.85 0.95) (end -1.85 0.95) (layer F.CrtYd) (width 0.05))
    (fp_text user %R (at 0 0) (layer F.Fab)
      (effects (font (size 0.5 0.5) (thickness 0.08)))
    )
    (pad 1 smd roundrect (at -1.025 0) (size 1.15 1.4) (layers F.Cu F.Paste F.Mask) (roundrect_rratio 0.217391)
      (net 24 /Controller/ACL))
    (pad 2 smd roundrect (at 1.025 0) (size 1.15 1.4) (layers F.Cu F.Paste F.Mask) (roundrect_rratio 0.217391)
      (net 25 "Net-(R15-Pad2)"))
    (model ${KISYS3DMOD}/Resistor_SMD.3dshapes/R_0805_2012Metric.wrl
      (at (xyz 0 0 0))
      (scale (xyz 1 1 1))
      (rotate (xyz 0 0 0))
    )
  )

  (module Resistor_SMD:R_0805_2012Metric_Pad1.15x1.40mm_HandSolder (layer F.Cu) (tedit 5B36C52B) (tstamp 5BC67D2A)
    (at 164.595001 111.275001)
    (descr "Resistor SMD 0805 (2012 Metric), square (rectangular) end terminal, IPC_7351 nominal with elongated pad for handsoldering. (Body size source: https://docs.google.com/spreadsheets/d/1BsfQQcO9C6DZCsRaXUlFlo91Tg2WpOkGARC1WS5S8t0/edit?usp=sharing), generated with kicad-footprint-generator")
    (tags "resistor handsolder")
    (path /5BC6397F/5BCF5026)
    (attr smd)
    (fp_text reference R12 (at 0 -1.65) (layer F.SilkS)
      (effects (font (size 1 1) (thickness 0.15)))
    )
    (fp_text value R (at 0 1.65) (layer F.Fab)
      (effects (font (size 1 1) (thickness 0.15)))
    )
    (fp_text user %R (at 0 0) (layer F.Fab)
      (effects (font (size 0.5 0.5) (thickness 0.08)))
    )
    (fp_line (start 1.85 0.95) (end -1.85 0.95) (layer F.CrtYd) (width 0.05))
    (fp_line (start 1.85 -0.95) (end 1.85 0.95) (layer F.CrtYd) (width 0.05))
    (fp_line (start -1.85 -0.95) (end 1.85 -0.95) (layer F.CrtYd) (width 0.05))
    (fp_line (start -1.85 0.95) (end -1.85 -0.95) (layer F.CrtYd) (width 0.05))
    (fp_line (start -0.261252 0.71) (end 0.261252 0.71) (layer F.SilkS) (width 0.12))
    (fp_line (start -0.261252 -0.71) (end 0.261252 -0.71) (layer F.SilkS) (width 0.12))
    (fp_line (start 1 0.6) (end -1 0.6) (layer F.Fab) (width 0.1))
    (fp_line (start 1 -0.6) (end 1 0.6) (layer F.Fab) (width 0.1))
    (fp_line (start -1 -0.6) (end 1 -0.6) (layer F.Fab) (width 0.1))
    (fp_line (start -1 0.6) (end -1 -0.6) (layer F.Fab) (width 0.1))
    (pad 2 smd roundrect (at 1.025 0) (size 1.15 1.4) (layers F.Cu F.Paste F.Mask) (roundrect_rratio 0.217391)
      (net 22 /Controller/12VDC))
    (pad 1 smd roundrect (at -1.025 0) (size 1.15 1.4) (layers F.Cu F.Paste F.Mask) (roundrect_rratio 0.217391)
      (net 23 "Net-(R12-Pad1)"))
    (model ${KISYS3DMOD}/Resistor_SMD.3dshapes/R_0805_2012Metric.wrl
      (at (xyz 0 0 0))
      (scale (xyz 1 1 1))
      (rotate (xyz 0 0 0))
    )
  )

  (module Resistor_SMD:R_0805_2012Metric_Pad1.15x1.40mm_HandSolder (layer F.Cu) (tedit 5B36C52B) (tstamp 5BC67D19)
    (at 170.695001 105.235001)
    (descr "Resistor SMD 0805 (2012 Metric), square (rectangular) end terminal, IPC_7351 nominal with elongated pad for handsoldering. (Body size source: https://docs.google.com/spreadsheets/d/1BsfQQcO9C6DZCsRaXUlFlo91Tg2WpOkGARC1WS5S8t0/edit?usp=sharing), generated with kicad-footprint-generator")
    (tags "resistor handsolder")
    (path /5BC6397F/5BC7CD6F)
    (attr smd)
    (fp_text reference R9 (at 0 -1.65) (layer F.SilkS)
      (effects (font (size 1 1) (thickness 0.15)))
    )
    (fp_text value R (at 0 1.65) (layer F.Fab)
      (effects (font (size 1 1) (thickness 0.15)))
    )
    (fp_line (start -1 0.6) (end -1 -0.6) (layer F.Fab) (width 0.1))
    (fp_line (start -1 -0.6) (end 1 -0.6) (layer F.Fab) (width 0.1))
    (fp_line (start 1 -0.6) (end 1 0.6) (layer F.Fab) (width 0.1))
    (fp_line (start 1 0.6) (end -1 0.6) (layer F.Fab) (width 0.1))
    (fp_line (start -0.261252 -0.71) (end 0.261252 -0.71) (layer F.SilkS) (width 0.12))
    (fp_line (start -0.261252 0.71) (end 0.261252 0.71) (layer F.SilkS) (width 0.12))
    (fp_line (start -1.85 0.95) (end -1.85 -0.95) (layer F.CrtYd) (width 0.05))
    (fp_line (start -1.85 -0.95) (end 1.85 -0.95) (layer F.CrtYd) (width 0.05))
    (fp_line (start 1.85 -0.95) (end 1.85 0.95) (layer F.CrtYd) (width 0.05))
    (fp_line (start 1.85 0.95) (end -1.85 0.95) (layer F.CrtYd) (width 0.05))
    (fp_text user %R (at 0 0) (layer F.Fab)
      (effects (font (size 0.5 0.5) (thickness 0.08)))
    )
    (pad 1 smd roundrect (at -1.025 0) (size 1.15 1.4) (layers F.Cu F.Paste F.Mask) (roundrect_rratio 0.217391)
      (net 21 "Net-(R9-Pad1)"))
    (pad 2 smd roundrect (at 1.025 0) (size 1.15 1.4) (layers F.Cu F.Paste F.Mask) (roundrect_rratio 0.217391)
      (net 22 /Controller/12VDC))
    (model ${KISYS3DMOD}/Resistor_SMD.3dshapes/R_0805_2012Metric.wrl
      (at (xyz 0 0 0))
      (scale (xyz 1 1 1))
      (rotate (xyz 0 0 0))
    )
  )

  (module Resistor_SMD:R_0805_2012Metric_Pad1.15x1.40mm_HandSolder (layer F.Cu) (tedit 5B36C52B) (tstamp 5BC67D08)
    (at 153.695001 122.195001)
    (descr "Resistor SMD 0805 (2012 Metric), square (rectangular) end terminal, IPC_7351 nominal with elongated pad for handsoldering. (Body size source: https://docs.google.com/spreadsheets/d/1BsfQQcO9C6DZCsRaXUlFlo91Tg2WpOkGARC1WS5S8t0/edit?usp=sharing), generated with kicad-footprint-generator")
    (tags "resistor handsolder")
    (path /5BC6397F/5BC64A93)
    (attr smd)
    (fp_text reference R16 (at 0 -1.65) (layer F.SilkS)
      (effects (font (size 1 1) (thickness 0.15)))
    )
    (fp_text value R (at 0 1.65) (layer F.Fab)
      (effects (font (size 1 1) (thickness 0.15)))
    )
    (fp_text user %R (at 0 0) (layer F.Fab)
      (effects (font (size 0.5 0.5) (thickness 0.08)))
    )
    (fp_line (start 1.85 0.95) (end -1.85 0.95) (layer F.CrtYd) (width 0.05))
    (fp_line (start 1.85 -0.95) (end 1.85 0.95) (layer F.CrtYd) (width 0.05))
    (fp_line (start -1.85 -0.95) (end 1.85 -0.95) (layer F.CrtYd) (width 0.05))
    (fp_line (start -1.85 0.95) (end -1.85 -0.95) (layer F.CrtYd) (width 0.05))
    (fp_line (start -0.261252 0.71) (end 0.261252 0.71) (layer F.SilkS) (width 0.12))
    (fp_line (start -0.261252 -0.71) (end 0.261252 -0.71) (layer F.SilkS) (width 0.12))
    (fp_line (start 1 0.6) (end -1 0.6) (layer F.Fab) (width 0.1))
    (fp_line (start 1 -0.6) (end 1 0.6) (layer F.Fab) (width 0.1))
    (fp_line (start -1 -0.6) (end 1 -0.6) (layer F.Fab) (width 0.1))
    (fp_line (start -1 0.6) (end -1 -0.6) (layer F.Fab) (width 0.1))
    (pad 2 smd roundrect (at 1.025 0) (size 1.15 1.4) (layers F.Cu F.Paste F.Mask) (roundrect_rratio 0.217391)
      (net 8 /Controller/ExtractAir_WC))
    (pad 1 smd roundrect (at -1.025 0) (size 1.15 1.4) (layers F.Cu F.Paste F.Mask) (roundrect_rratio 0.217391)
      (net 20 "Net-(D3-Pad3)"))
    (model ${KISYS3DMOD}/Resistor_SMD.3dshapes/R_0805_2012Metric.wrl
      (at (xyz 0 0 0))
      (scale (xyz 1 1 1))
      (rotate (xyz 0 0 0))
    )
  )

  (module Resistor_SMD:R_0805_2012Metric_Pad1.15x1.40mm_HandSolder (layer F.Cu) (tedit 5B36C52B) (tstamp 5BC67CF7)
    (at 175.645001 100.995001)
    (descr "Resistor SMD 0805 (2012 Metric), square (rectangular) end terminal, IPC_7351 nominal with elongated pad for handsoldering. (Body size source: https://docs.google.com/spreadsheets/d/1BsfQQcO9C6DZCsRaXUlFlo91Tg2WpOkGARC1WS5S8t0/edit?usp=sharing), generated with kicad-footprint-generator")
    (tags "resistor handsolder")
    (path /5BC6397F/5BD17636)
    (attr smd)
    (fp_text reference R4 (at 0 -1.65) (layer F.SilkS)
      (effects (font (size 1 1) (thickness 0.15)))
    )
    (fp_text value 1k (at 0 1.65) (layer F.Fab)
      (effects (font (size 1 1) (thickness 0.15)))
    )
    (fp_line (start -1 0.6) (end -1 -0.6) (layer F.Fab) (width 0.1))
    (fp_line (start -1 -0.6) (end 1 -0.6) (layer F.Fab) (width 0.1))
    (fp_line (start 1 -0.6) (end 1 0.6) (layer F.Fab) (width 0.1))
    (fp_line (start 1 0.6) (end -1 0.6) (layer F.Fab) (width 0.1))
    (fp_line (start -0.261252 -0.71) (end 0.261252 -0.71) (layer F.SilkS) (width 0.12))
    (fp_line (start -0.261252 0.71) (end 0.261252 0.71) (layer F.SilkS) (width 0.12))
    (fp_line (start -1.85 0.95) (end -1.85 -0.95) (layer F.CrtYd) (width 0.05))
    (fp_line (start -1.85 -0.95) (end 1.85 -0.95) (layer F.CrtYd) (width 0.05))
    (fp_line (start 1.85 -0.95) (end 1.85 0.95) (layer F.CrtYd) (width 0.05))
    (fp_line (start 1.85 0.95) (end -1.85 0.95) (layer F.CrtYd) (width 0.05))
    (fp_text user %R (at 0 0) (layer F.Fab)
      (effects (font (size 0.5 0.5) (thickness 0.08)))
    )
    (pad 1 smd roundrect (at -1.025 0) (size 1.15 1.4) (layers F.Cu F.Paste F.Mask) (roundrect_rratio 0.217391)
      (net 3 "Net-(R4-Pad1)"))
    (pad 2 smd roundrect (at 1.025 0) (size 1.15 1.4) (layers F.Cu F.Paste F.Mask) (roundrect_rratio 0.217391)
      (net 19 /Controller/AIN))
    (model ${KISYS3DMOD}/Resistor_SMD.3dshapes/R_0805_2012Metric.wrl
      (at (xyz 0 0 0))
      (scale (xyz 1 1 1))
      (rotate (xyz 0 0 0))
    )
  )

  (module Resistor_SMD:R_0805_2012Metric_Pad1.15x1.40mm_HandSolder (layer F.Cu) (tedit 5B36C52B) (tstamp 5BC67CE6)
    (at 153.695001 120.245001)
    (descr "Resistor SMD 0805 (2012 Metric), square (rectangular) end terminal, IPC_7351 nominal with elongated pad for handsoldering. (Body size source: https://docs.google.com/spreadsheets/d/1BsfQQcO9C6DZCsRaXUlFlo91Tg2WpOkGARC1WS5S8t0/edit?usp=sharing), generated with kicad-footprint-generator")
    (tags "resistor handsolder")
    (path /5BC6397F/5BD178E3)
    (attr smd)
    (fp_text reference R3 (at 0 -1.65) (layer F.SilkS)
      (effects (font (size 1 1) (thickness 0.15)))
    )
    (fp_text value 120 (at 0 1.65) (layer F.Fab)
      (effects (font (size 1 1) (thickness 0.15)))
    )
    (fp_text user %R (at 0 0) (layer F.Fab)
      (effects (font (size 0.5 0.5) (thickness 0.08)))
    )
    (fp_line (start 1.85 0.95) (end -1.85 0.95) (layer F.CrtYd) (width 0.05))
    (fp_line (start 1.85 -0.95) (end 1.85 0.95) (layer F.CrtYd) (width 0.05))
    (fp_line (start -1.85 -0.95) (end 1.85 -0.95) (layer F.CrtYd) (width 0.05))
    (fp_line (start -1.85 0.95) (end -1.85 -0.95) (layer F.CrtYd) (width 0.05))
    (fp_line (start -0.261252 0.71) (end 0.261252 0.71) (layer F.SilkS) (width 0.12))
    (fp_line (start -0.261252 -0.71) (end 0.261252 -0.71) (layer F.SilkS) (width 0.12))
    (fp_line (start 1 0.6) (end -1 0.6) (layer F.Fab) (width 0.1))
    (fp_line (start 1 -0.6) (end 1 0.6) (layer F.Fab) (width 0.1))
    (fp_line (start -1 -0.6) (end 1 -0.6) (layer F.Fab) (width 0.1))
    (fp_line (start -1 0.6) (end -1 -0.6) (layer F.Fab) (width 0.1))
    (pad 2 smd roundrect (at 1.025 0) (size 1.15 1.4) (layers F.Cu F.Paste F.Mask) (roundrect_rratio 0.217391)
      (net 4 "Net-(C1-Pad1)"))
    (pad 1 smd roundrect (at -1.025 0) (size 1.15 1.4) (layers F.Cu F.Paste F.Mask) (roundrect_rratio 0.217391)
      (net 19 /Controller/AIN))
    (model ${KISYS3DMOD}/Resistor_SMD.3dshapes/R_0805_2012Metric.wrl
      (at (xyz 0 0 0))
      (scale (xyz 1 1 1))
      (rotate (xyz 0 0 0))
    )
  )

  (module Resistor_SMD:R_0805_2012Metric_Pad1.15x1.40mm_HandSolder (layer F.Cu) (tedit 5B36C52B) (tstamp 5BC67CD5)
    (at 170.695001 103.285001)
    (descr "Resistor SMD 0805 (2012 Metric), square (rectangular) end terminal, IPC_7351 nominal with elongated pad for handsoldering. (Body size source: https://docs.google.com/spreadsheets/d/1BsfQQcO9C6DZCsRaXUlFlo91Tg2WpOkGARC1WS5S8t0/edit?usp=sharing), generated with kicad-footprint-generator")
    (tags "resistor handsolder")
    (path /5BC6397F/5BD226B9)
    (attr smd)
    (fp_text reference R1 (at 0 -1.65) (layer F.SilkS)
      (effects (font (size 1 1) (thickness 0.15)))
    )
    (fp_text value Rx (at 0 1.65) (layer F.Fab)
      (effects (font (size 1 1) (thickness 0.15)))
    )
    (fp_line (start -1 0.6) (end -1 -0.6) (layer F.Fab) (width 0.1))
    (fp_line (start -1 -0.6) (end 1 -0.6) (layer F.Fab) (width 0.1))
    (fp_line (start 1 -0.6) (end 1 0.6) (layer F.Fab) (width 0.1))
    (fp_line (start 1 0.6) (end -1 0.6) (layer F.Fab) (width 0.1))
    (fp_line (start -0.261252 -0.71) (end 0.261252 -0.71) (layer F.SilkS) (width 0.12))
    (fp_line (start -0.261252 0.71) (end 0.261252 0.71) (layer F.SilkS) (width 0.12))
    (fp_line (start -1.85 0.95) (end -1.85 -0.95) (layer F.CrtYd) (width 0.05))
    (fp_line (start -1.85 -0.95) (end 1.85 -0.95) (layer F.CrtYd) (width 0.05))
    (fp_line (start 1.85 -0.95) (end 1.85 0.95) (layer F.CrtYd) (width 0.05))
    (fp_line (start 1.85 0.95) (end -1.85 0.95) (layer F.CrtYd) (width 0.05))
    (fp_text user %R (at 0 0) (layer F.Fab)
      (effects (font (size 0.5 0.5) (thickness 0.08)))
    )
    (pad 1 smd roundrect (at -1.025 0) (size 1.15 1.4) (layers F.Cu F.Paste F.Mask) (roundrect_rratio 0.217391)
      (net 18 /Controller/VREF))
    (pad 2 smd roundrect (at 1.025 0) (size 1.15 1.4) (layers F.Cu F.Paste F.Mask) (roundrect_rratio 0.217391)
      (net 4 "Net-(C1-Pad1)"))
    (model ${KISYS3DMOD}/Resistor_SMD.3dshapes/R_0805_2012Metric.wrl
      (at (xyz 0 0 0))
      (scale (xyz 1 1 1))
      (rotate (xyz 0 0 0))
    )
  )

  (module Resistor_SMD:R_0805_2012Metric_Pad1.15x1.40mm_HandSolder (layer F.Cu) (tedit 5B36C52B) (tstamp 5BC67CC4)
    (at 165.795001 106.695001)
    (descr "Resistor SMD 0805 (2012 Metric), square (rectangular) end terminal, IPC_7351 nominal with elongated pad for handsoldering. (Body size source: https://docs.google.com/spreadsheets/d/1BsfQQcO9C6DZCsRaXUlFlo91Tg2WpOkGARC1WS5S8t0/edit?usp=sharing), generated with kicad-footprint-generator")
    (tags "resistor handsolder")
    (path /5BC6397F/5BCF5012)
    (attr smd)
    (fp_text reference R18 (at 0 -1.65) (layer F.SilkS)
      (effects (font (size 1 1) (thickness 0.15)))
    )
    (fp_text value R (at 0 1.65) (layer F.Fab)
      (effects (font (size 1 1) (thickness 0.15)))
    )
    (fp_text user %R (at 0 0) (layer F.Fab)
      (effects (font (size 0.5 0.5) (thickness 0.08)))
    )
    (fp_line (start 1.85 0.95) (end -1.85 0.95) (layer F.CrtYd) (width 0.05))
    (fp_line (start 1.85 -0.95) (end 1.85 0.95) (layer F.CrtYd) (width 0.05))
    (fp_line (start -1.85 -0.95) (end 1.85 -0.95) (layer F.CrtYd) (width 0.05))
    (fp_line (start -1.85 0.95) (end -1.85 -0.95) (layer F.CrtYd) (width 0.05))
    (fp_line (start -0.261252 0.71) (end 0.261252 0.71) (layer F.SilkS) (width 0.12))
    (fp_line (start -0.261252 -0.71) (end 0.261252 -0.71) (layer F.SilkS) (width 0.12))
    (fp_line (start 1 0.6) (end -1 0.6) (layer F.Fab) (width 0.1))
    (fp_line (start 1 -0.6) (end 1 0.6) (layer F.Fab) (width 0.1))
    (fp_line (start -1 -0.6) (end 1 -0.6) (layer F.Fab) (width 0.1))
    (fp_line (start -1 0.6) (end -1 -0.6) (layer F.Fab) (width 0.1))
    (pad 2 smd roundrect (at 1.025 0) (size 1.15 1.4) (layers F.Cu F.Paste F.Mask) (roundrect_rratio 0.217391)
      (net 16 /Controller/ExtractAir_KITCH))
    (pad 1 smd roundrect (at -1.025 0) (size 1.15 1.4) (layers F.Cu F.Paste F.Mask) (roundrect_rratio 0.217391)
      (net 17 "Net-(D4-Pad3)"))
    (model ${KISYS3DMOD}/Resistor_SMD.3dshapes/R_0805_2012Metric.wrl
      (at (xyz 0 0 0))
      (scale (xyz 1 1 1))
      (rotate (xyz 0 0 0))
    )
  )

  (module Resistor_SMD:R_0805_2012Metric_Pad1.15x1.40mm_HandSolder (layer F.Cu) (tedit 5B36C52B) (tstamp 5BC67CB3)
    (at 160.845001 111.275001)
    (descr "Resistor SMD 0805 (2012 Metric), square (rectangular) end terminal, IPC_7351 nominal with elongated pad for handsoldering. (Body size source: https://docs.google.com/spreadsheets/d/1BsfQQcO9C6DZCsRaXUlFlo91Tg2WpOkGARC1WS5S8t0/edit?usp=sharing), generated with kicad-footprint-generator")
    (tags "resistor handsolder")
