(kicad_pcb (version 20171130) (host pcbnew "(5.0.2)-1")

  (general
    (thickness 1.6)
    (drawings 12)
    (tracks 115)
    (zones 0)
    (modules 41)
    (nets 22)
  )

  (page A4)
  (layers
    (0 F.Cu signal)
    (31 B.Cu signal)
    (32 B.Adhes user hide)
    (33 F.Adhes user hide)
    (34 B.Paste user hide)
    (35 F.Paste user hide)
    (36 B.SilkS user)
    (37 F.SilkS user)
    (38 B.Mask user hide)
    (39 F.Mask user hide)
    (40 Dwgs.User user)
    (41 Cmts.User user hide)
    (42 Eco1.User user)
    (43 Eco2.User user hide)
    (44 Edge.Cuts user)
    (45 Margin user hide)
    (46 B.CrtYd user hide)
    (47 F.CrtYd user hide)
    (48 B.Fab user hide)
    (49 F.Fab user hide)
  )

  (setup
    (last_trace_width 0.25)
    (user_trace_width 0.6)
    (user_trace_width 1)
    (user_trace_width 1.4)
    (user_trace_width 2)
    (user_trace_width 3)
    (trace_clearance 0.2)
    (zone_clearance 0.508)
    (zone_45_only no)
    (trace_min 0.2)
    (segment_width 0.2)
    (edge_width 0.1)
    (via_size 0.8)
    (via_drill 0.4)
    (via_min_size 0.4)
    (via_min_drill 0.3)
    (uvia_size 0.3)
    (uvia_drill 0.1)
    (uvias_allowed no)
    (uvia_min_size 0.2)
    (uvia_min_drill 0.1)
    (pcb_text_width 0.3)
    (pcb_text_size 1.5 1.5)
    (mod_edge_width 0.15)
    (mod_text_size 1 1)
    (mod_text_width 0.15)
    (pad_size 5 3)
    (pad_drill 1.3)
    (pad_to_mask_clearance 0)
    (solder_mask_min_width 0.25)
    (aux_axis_origin 0 0)
    (grid_origin 117 142)
    (visible_elements 7FFFFF7F)
    (pcbplotparams
      (layerselection 0x00040_fffffffe)
      (usegerberextensions false)
      (usegerberattributes false)
      (usegerberadvancedattributes false)
      (creategerberjobfile false)
      (excludeedgelayer false)
      (linewidth 0.100000)
      (plotframeref false)
      (viasonmask false)
      (mode 1)
      (useauxorigin false)
      (hpglpennumber 1)
      (hpglpenspeed 20)
      (hpglpendiameter 15.000000)
      (psnegative false)
      (psa4output false)
      (plotreference true)
      (plotvalue true)
      (plotinvisibletext false)
      (padsonsilk false)
      (subtractmaskfromsilk false)
      (outputformat 2)
      (mirror false)
      (drillshape 2)
      (scaleselection 1)
      (outputdirectory ""))
  )

  (net 0 "")
  (net 1 "Net-(D2-Pad1)")
  (net 2 "Net-(D2-Pad2)")
  (net 3 "Net-(D4-Pad2)")
  (net 4 "Net-(D4-Pad1)")
  (net 5 "Net-(D6-Pad1)")
  (net 6 "Net-(D6-Pad2)")
  (net 7 "Net-(D7-Pad2)")
  (net 8 "Net-(D7-Pad1)")
  (net 9 "Net-(D8-Pad1)")
  (net 10 "Net-(D8-Pad2)")
  (net 11 "Net-(D1-Pad1)")
  (net 12 "Net-(F3-Pad2)")
  (net 13 "Net-(J1-Pad1)")
  (net 14 "Net-(D1-Pad2)")
  (net 15 "Net-(J2-Pad1)")
  (net 16 "Net-(R1-Pad1)")
  (net 17 "Net-(D9-Pad1)")
  (net 18 "Net-(D9-Pad2)")
  (net 19 "Net-(R10-Pad2)")
  (net 20 "Net-(R6-Pad2)")
  (net 21 "Net-(R10-Pad1)")

  (net_class Default "This is the default net class."
    (clearance 0.2)
    (trace_width 0.25)
    (via_dia 0.8)
    (via_drill 0.4)
    (uvia_dia 0.3)
    (uvia_drill 0.1)
    (add_net "Net-(D1-Pad1)")
    (add_net "Net-(D1-Pad2)")
    (add_net "Net-(D2-Pad1)")
    (add_net "Net-(D2-Pad2)")
    (add_net "Net-(D4-Pad1)")
    (add_net "Net-(D4-Pad2)")
    (add_net "Net-(D6-Pad1)")
    (add_net "Net-(D6-Pad2)")
    (add_net "Net-(D7-Pad1)")
    (add_net "Net-(D7-Pad2)")
    (add_net "Net-(D8-Pad1)")
    (add_net "Net-(D8-Pad2)")
    (add_net "Net-(D9-Pad1)")
    (add_net "Net-(D9-Pad2)")
    (add_net "Net-(F3-Pad2)")
    (add_net "Net-(J1-Pad1)")
    (add_net "Net-(J2-Pad1)")
    (add_net "Net-(R1-Pad1)")
    (add_net "Net-(R10-Pad1)")
    (add_net "Net-(R10-Pad2)")
    (add_net "Net-(R6-Pad2)")
  )

  (module MountingHole:MountingHole_3.5mm_Pad (layer F.Cu) (tedit 5C5EFBD5) (tstamp 5C640513)
    (at 127 47)
    (descr "Mounting Hole 3.5mm")
    (tags "mounting hole 3.5mm")
    (attr virtual)
    (fp_text reference REF** (at 0 -4.5) (layer F.SilkS) hide
      (effects (font (size 1 1) (thickness 0.15)))
    )
    (fp_text value MountingHole_3.5mm_Pad (at 0 4.5) (layer F.Fab)
      (effects (font (size 1 1) (thickness 0.15)))
    )
    (fp_text user %R (at 0.3 0) (layer F.Fab)
      (effects (font (size 1 1) (thickness 0.15)))
    )
    (fp_circle (center 0 0) (end 3.5 0) (layer Cmts.User) (width 0.15))
    (fp_circle (center 0 0) (end 3.75 0) (layer F.CrtYd) (width 0.05))
    (pad 1 thru_hole circle (at 0 0) (size 3.2 3.2) (drill 1) (layers *.Cu *.Mask))
  )

  (module MountingHole:MountingHole_3.5mm_Pad (layer F.Cu) (tedit 5C5EFBD5) (tstamp 5C640503)
    (at 148 52)
    (descr "Mounting Hole 3.5mm")
    (tags "mounting hole 3.5mm")
    (attr virtual)
    (fp_text reference REF** (at 0 -4.5) (layer F.SilkS) hide
      (effects (font (size 1 1) (thickness 0.15)))
    )
    (fp_text value MountingHole_3.5mm_Pad (at 0 4.5) (layer F.Fab)
      (effects (font (size 1 1) (thickness 0.15)))
    )
    (fp_circle (center 0 0) (end 3.75 0) (layer F.CrtYd) (width 0.05))
    (fp_circle (center 0 0) (end 3.5 0) (layer Cmts.User) (width 0.15))
    (fp_text user %R (at 0.3 0) (layer F.Fab)
      (effects (font (size 1 1) (thickness 0.15)))
    )
    (pad 1 thru_hole circle (at 0 0) (size 3.2 3.2) (drill 1) (layers *.Cu *.Mask))
  )

  (module MountingHole:MountingHole_3.5mm_Pad (layer F.Cu) (tedit 5C5EFBD5) (tstamp 5C6404F3)
    (at 170 47)
    (descr "Mounting Hole 3.5mm")
    (tags "mounting hole 3.5mm")
    (attr virtual)
    (fp_text reference REF** (at 0 -4.5) (layer F.SilkS) hide
      (effects (font (size 1 1) (thickness 0.15)))
    )
    (fp_text value MountingHole_3.5mm_Pad (at 0 4.5) (layer F.Fab)
      (effects (font (size 1 1) (thickness 0.15)))
    )
    (fp_text user %R (at 0.3 0) (layer F.Fab)
      (effects (font (size 1 1) (thickness 0.15)))
    )
    (fp_circle (center 0 0) (end 3.5 0) (layer Cmts.User) (width 0.15))
    (fp_circle (center 0 0) (end 3.75 0) (layer F.CrtYd) (width 0.05))
    (pad 1 thru_hole circle (at 0 0) (size 3.2 3.2) (drill 1) (layers *.Cu *.Mask))
  )

  (module MountingHole:MountingHole_3.5mm_Pad (layer F.Cu) (tedit 5C5EFBD5) (tstamp 5C6404E3)
    (at 170 134)
    (descr "Mounting Hole 3.5mm")
    (tags "mounting hole 3.5mm")
    (attr virtual)
    (fp_text reference REF** (at 0 -4.5) (layer F.SilkS) hide
      (effects (font (size 1 1) (thickness 0.15)))
    )
    (fp_text value MountingHole_3.5mm_Pad (at 0 4.5) (layer F.Fab)
      (effects (font (size 1 1) (thickness 0.15)))
    )
    (fp_circle (center 0 0) (end 3.75 0) (layer F.CrtYd) (width 0.05))
    (fp_circle (center 0 0) (end 3.5 0) (layer Cmts.User) (width 0.15))
    (fp_text user %R (at 0.3 0) (layer F.Fab)
      (effects (font (size 1 1) (thickness 0.15)))
    )
    (pad 1 thru_hole circle (at 0 0) (size 3.2 3.2) (drill 1) (layers *.Cu *.Mask))
  )

  (module MountingHole:MountingHole_3.5mm_Pad (layer F.Cu) (tedit 5C5EFBD5) (tstamp 5C6404CA)
    (at 149 129)
    (descr "Mounting Hole 3.5mm")
    (tags "mounting hole 3.5mm")
    (attr virtual)
    (fp_text reference REF** (at 0 -4.5) (layer F.SilkS) hide
      (effects (font (size 1 1) (thickness 0.15)))
    )
    (fp_text value MountingHole_3.5mm_Pad (at 0 4.5) (layer F.Fab)
      (effects (font (size 1 1) (thickness 0.15)))
    )
    (fp_text user %R (at 0.3 0) (layer F.Fab)
      (effects (font (size 1 1) (thickness 0.15)))
    )
    (fp_circle (center 0 0) (end 3.5 0) (layer Cmts.User) (width 0.15))
    (fp_circle (center 0 0) (end 3.75 0) (layer F.CrtYd) (width 0.05))
    (pad 1 thru_hole circle (at 0 0) (size 3.2 3.2) (drill 1) (layers *.Cu *.Mask))
  )

  (module Connector_Phoenix_MSTB:PhoenixContact_MSTBVA_2,5_2-G_1x02_P5.00mm_Vertical (layer F.Cu) (tedit 5C5EE80B) (tstamp 5C636489)
    (at 126 89 270)
    (descr "Generic Phoenix Contact connector footprint for: MSTBVA_2,5/2-G; number of pins: 02; pin pitch: 5.00mm; Vertical || order number: 1755516 12A || order number: 1924198 16A (HC)")
    (tags "phoenix_contact connector MSTBVA_01x02_G_5.00mm")
    (path /5E1014FA)
    (fp_text reference J2 (at 2.5 -6 270) (layer F.SilkS)
      (effects (font (size 1 1) (thickness 0.15)))
    )
    (fp_text value 14VDC (at 2.5 5 270) (layer F.Fab)
      (effects (font (size 1 1) (thickness 0.15)))
    )
    (fp_text user %R (at 2.5 -4.1 270) (layer F.Fab)
      (effects (font (size 1 1) (thickness 0.15)))
    )
    (fp_line (start -0.5 -3.55) (end 0.5 -3.55) (layer F.Fab) (width 0.1))
    (fp_line (start 0 -2.55) (end -0.5 -3.55) (layer F.Fab) (width 0.1))
    (fp_line (start 0.5 -3.55) (end 0 -2.55) (layer F.Fab) (width 0.1))
    (fp_line (start -0.3 -5.71) (end 0.3 -5.71) (layer F.SilkS) (width 0.12))
    (fp_line (start 0 -5.11) (end -0.3 -5.71) (layer F.SilkS) (width 0.12))
    (fp_line (start 0.3 -5.71) (end 0 -5.11) (layer F.SilkS) (width 0.12))
    (fp_line (start 9 -5.3) (end -4 -5.3) (layer F.CrtYd) (width 0.05))
    (fp_line (start 9 4.3) (end 9 -5.3) (layer F.CrtYd) (width 0.05))
    (fp_line (start -4 4.3) (end 9 4.3) (layer F.CrtYd) (width 0.05))
    (fp_line (start -4 -5.3) (end -4 4.3) (layer F.CrtYd) (width 0.05))
    (fp_line (start 7.7 2.2) (end 7 2.2) (layer F.SilkS) (width 0.12))
    (fp_line (start 7.7 -3.1) (end 7.7 2.2) (layer F.SilkS) (width 0.12))
    (fp_line (start -2.7 -3.1) (end 7.7 -3.1) (layer F.SilkS) (width 0.12))
    (fp_line (start -2.7 2.2) (end -2.7 -3.1) (layer F.SilkS) (width 0.12))
    (fp_line (start -2 2.2) (end -2.7 2.2) (layer F.SilkS) (width 0.12))
    (fp_line (start 2 2.2) (end 3 2.2) (layer F.SilkS) (width 0.12))
    (fp_line (start 6 -3.1) (end 4 -3.1) (layer F.SilkS) (width 0.12))
    (fp_line (start 6 -4.91) (end 6 -3.1) (layer F.SilkS) (width 0.12))
    (fp_line (start 4 -4.91) (end 6 -4.91) (layer F.SilkS) (width 0.12))
    (fp_line (start 4 -3.1) (end 4 -4.91) (layer F.SilkS) (width 0.12))
    (fp_line (start 1 -3.1) (end -1 -3.1) (layer F.SilkS) (width 0.12))
    (fp_line (start 1 -4.91) (end 1 -3.1) (layer F.SilkS) (width 0.12))
    (fp_line (start -1 -4.91) (end 1 -4.91) (layer F.SilkS) (width 0.12))
    (fp_line (start -1 -3.1) (end -1 -4.91) (layer F.SilkS) (width 0.12))
    (fp_line (start 1 -4.1) (end 4 -4.1) (layer F.SilkS) (width 0.12))
    (fp_line (start 8.61 -4.1) (end 6.11 -4.1) (layer F.SilkS) (width 0.12))
    (fp_line (start -3.61 -4.1) (end -1.11 -4.1) (layer F.SilkS) (width 0.12))
    (fp_line (start 8.5 -4.8) (end -3.5 -4.8) (layer F.Fab) (width 0.1))
    (fp_line (start 8.5 3.8) (end 8.5 -4.8) (layer F.Fab) (width 0.1))
    (fp_line (start -3.5 3.8) (end 8.5 3.8) (layer F.Fab) (width 0.1))
    (fp_line (start -3.5 -4.8) (end -3.5 3.8) (layer F.Fab) (width 0.1))
    (fp_line (start 8.61 -4.91) (end -3.61 -4.91) (layer F.SilkS) (width 0.12))
    (fp_line (start 8.61 3.91) (end 8.61 -4.91) (layer F.SilkS) (width 0.12))
    (fp_line (start -3.61 3.91) (end 8.61 3.91) (layer F.SilkS) (width 0.12))
    (fp_line (start -3.61 -4.91) (end -3.61 3.91) (layer F.SilkS) (width 0.12))
    (fp_arc (start 5 0.55) (end 3 2.2) (angle -100.5) (layer F.SilkS) (width 0.12))
    (fp_arc (start 0 0.55) (end -2 2.2) (angle -100.5) (layer F.SilkS) (width 0.12))
    (pad 2 thru_hole oval (at 5 0 270) (size 2.6 4.4) (drill 1.6) (layers *.Cu *.Mask)
      (net 14 "Net-(D1-Pad2)"))
    (pad 1 thru_hole roundrect (at 0 0 270) (size 2.6 4.4) (drill 1.6) (layers *.Cu *.Mask) (roundrect_rratio 0.125)
      (net 15 "Net-(J2-Pad1)"))
    (model ${KISYS3DMOD}/Connector_Phoenix_MSTB.3dshapes/PhoenixContact_MSTBVA_2,5_2-G_1x02_P5.00mm_Vertical.wrl
      (at (xyz 0 0 0))
      (scale (xyz 1 1 1))
      (rotate (xyz 0 0 0))
    )
  )

  (module LED_THT:LED_D3.0mm (layer F.Cu) (tedit 587A3A7B) (tstamp 5C636317)
    (at 163 62 90)
    (descr "LED, diameter 3.0mm, 2 pins")
    (tags "LED diameter 3.0mm 2 pins")
    (path /5E112517)
    (fp_text reference D3 (at 1.27 -2.96 90) (layer F.SilkS)
      (effects (font (size 1 1) (thickness 0.15)))
    )
    (fp_text value LED (at 1.27 2.96 90) (layer F.Fab)
      (effects (font (size 1 1) (thickness 0.15)))
    )
    (fp_arc (start 1.27 0) (end -0.23 -1.16619) (angle 284.3) (layer F.Fab) (width 0.1))
    (fp_arc (start 1.27 0) (end -0.29 -1.235516) (angle 108.8) (layer F.SilkS) (width 0.12))
    (fp_arc (start 1.27 0) (end -0.29 1.235516) (angle -108.8) (layer F.SilkS) (width 0.12))
    (fp_arc (start 1.27 0) (end 0.229039 -1.08) (angle 87.9) (layer F.SilkS) (width 0.12))
    (fp_arc (start 1.27 0) (end 0.229039 1.08) (angle -87.9) (layer F.SilkS) (width 0.12))
    (fp_circle (center 1.27 0) (end 2.77 0) (layer F.Fab) (width 0.1))
    (fp_line (start -0.23 -1.16619) (end -0.23 1.16619) (layer F.Fab) (width 0.1))
    (fp_line (start -0.29 -1.236) (end -0.29 -1.08) (layer F.SilkS) (width 0.12))
    (fp_line (start -0.29 1.08) (end -0.29 1.236) (layer F.SilkS) (width 0.12))
    (fp_line (start -1.15 -2.25) (end -1.15 2.25) (layer F.CrtYd) (width 0.05))
    (fp_line (start -1.15 2.25) (end 3.7 2.25) (layer F.CrtYd) (width 0.05))
    (fp_line (start 3.7 2.25) (end 3.7 -2.25) (layer F.CrtYd) (width 0.05))
    (fp_line (start 3.7 -2.25) (end -1.15 -2.25) (layer F.CrtYd) (width 0.05))
    (pad 1 thru_hole rect (at 0 0 90) (size 1.8 1.8) (drill 0.9) (layers *.Cu *.Mask)
      (net 2 "Net-(D2-Pad2)"))
    (pad 2 thru_hole circle (at 2.54 0 90) (size 1.8 1.8) (drill 0.9) (layers *.Cu *.Mask)
      (net 1 "Net-(D2-Pad1)"))
    (model ${KISYS3DMOD}/LED_THT.3dshapes/LED_D3.0mm.wrl
      (at (xyz 0 0 0))
      (scale (xyz 1 1 1))
      (rotate (xyz 0 0 0))
    )
  )

  (module LED_THT:LED_D3.0mm (layer F.Cu) (tedit 587A3A7B) (tstamp 5C63632A)
    (at 163 72 90)
    (descr "LED, diameter 3.0mm, 2 pins")
    (tags "LED diameter 3.0mm 2 pins")
    (path /5E1124C3)
    (fp_text reference D4 (at 1.27 -2.96 90) (layer F.SilkS)
      (effects (font (size 1 1) (thickness 0.15)))
    )
    (fp_text value LED (at 1.27 2.96 90) (layer F.Fab)
      (effects (font (size 1 1) (thickness 0.15)))
    )
    (fp_line (start 3.7 -2.25) (end -1.15 -2.25) (layer F.CrtYd) (width 0.05))
    (fp_line (start 3.7 2.25) (end 3.7 -2.25) (layer F.CrtYd) (width 0.05))
    (fp_line (start -1.15 2.25) (end 3.7 2.25) (layer F.CrtYd) (width 0.05))
    (fp_line (start -1.15 -2.25) (end -1.15 2.25) (layer F.CrtYd) (width 0.05))
    (fp_line (start -0.29 1.08) (end -0.29 1.236) (layer F.SilkS) (width 0.12))
    (fp_line (start -0.29 -1.236) (end -0.29 -1.08) (layer F.SilkS) (width 0.12))
    (fp_line (start -0.23 -1.16619) (end -0.23 1.16619) (layer F.Fab) (width 0.1))
    (fp_circle (center 1.27 0) (end 2.77 0) (layer F.Fab) (width 0.1))
    (fp_arc (start 1.27 0) (end 0.229039 1.08) (angle -87.9) (layer F.SilkS) (width 0.12))
    (fp_arc (start 1.27 0) (end 0.229039 -1.08) (angle 87.9) (layer F.SilkS) (width 0.12))
    (fp_arc (start 1.27 0) (end -0.29 1.235516) (angle -108.8) (layer F.SilkS) (width 0.12))
    (fp_arc (start 1.27 0) (end -0.29 -1.235516) (angle 108.8) (layer F.SilkS) (width 0.12))
    (fp_arc (start 1.27 0) (end -0.23 -1.16619) (angle 284.3) (layer F.Fab) (width 0.1))
    (pad 2 thru_hole circle (at 2.54 0 90) (size 1.8 1.8) (drill 0.9) (layers *.Cu *.Mask)
      (net 3 "Net-(D4-Pad2)"))
    (pad 1 thru_hole rect (at 0 0 90) (size 1.8 1.8) (drill 0.9) (layers *.Cu *.Mask)
      (net 4 "Net-(D4-Pad1)"))
    (model ${KISYS3DMOD}/LED_THT.3dshapes/LED_D3.0mm.wrl
      (at (xyz 0 0 0))
      (scale (xyz 1 1 1))
      (rotate (xyz 0 0 0))
    )
  )

  (module LED_THT:LED_D3.0mm (layer F.Cu) (tedit 587A3A7B) (tstamp 5C63635C)
    (at 163 86 90)
    (descr "LED, diameter 3.0mm, 2 pins")
    (tags "LED diameter 3.0mm 2 pins")
    (path /5E10B406)
    (fp_text reference D6 (at 1.27 -2.96 90) (layer F.SilkS)
      (effects (font (size 1 1) (thickness 0.15)))
    )
    (fp_text value LED (at 1.27 2.96 90) (layer F.Fab)
      (effects (font (size 1 1) (thickness 0.15)))
    )
    (fp_arc (start 1.27 0) (end -0.23 -1.16619) (angle 284.3) (layer F.Fab) (width 0.1))
    (fp_arc (start 1.27 0) (end -0.29 -1.235516) (angle 108.8) (layer F.SilkS) (width 0.12))
    (fp_arc (start 1.27 0) (end -0.29 1.235516) (angle -108.8) (layer F.SilkS) (width 0.12))
    (fp_arc (start 1.27 0) (end 0.229039 -1.08) (angle 87.9) (layer F.SilkS) (width 0.12))
    (fp_arc (start 1.27 0) (end 0.229039 1.08) (angle -87.9) (layer F.SilkS) (width 0.12))
    (fp_circle (center 1.27 0) (end 2.77 0) (layer F.Fab) (width 0.1))
    (fp_line (start -0.23 -1.16619) (end -0.23 1.16619) (layer F.Fab) (width 0.1))
    (fp_line (start -0.29 -1.236) (end -0.29 -1.08) (layer F.SilkS) (width 0.12))
    (fp_line (start -0.29 1.08) (end -0.29 1.236) (layer F.SilkS) (width 0.12))
    (fp_line (start -1.15 -2.25) (end -1.15 2.25) (layer F.CrtYd) (width 0.05))
    (fp_line (start -1.15 2.25) (end 3.7 2.25) (layer F.CrtYd) (width 0.05))
    (fp_line (start 3.7 2.25) (end 3.7 -2.25) (layer F.CrtYd) (width 0.05))
    (fp_line (start 3.7 -2.25) (end -1.15 -2.25) (layer F.CrtYd) (width 0.05))
    (pad 1 thru_hole rect (at 0 0 90) (size 1.8 1.8) (drill 0.9) (layers *.Cu *.Mask)
      (net 5 "Net-(D6-Pad1)"))
    (pad 2 thru_hole circle (at 2.54 0 90) (size 1.8 1.8) (drill 0.9) (layers *.Cu *.Mask)
      (net 6 "Net-(D6-Pad2)"))
    (model ${KISYS3DMOD}/LED_THT.3dshapes/LED_D3.0mm.wrl
      (at (xyz 0 0 0))
      (scale (xyz 1 1 1))
      (rotate (xyz 0 0 0))
    )
  )

  (module LED_THT:LED_D3.0mm (layer F.Cu) (tedit 587A3A7B) (tstamp 5C63636F)
    (at 163 98 90)
    (descr "LED, diameter 3.0mm, 2 pins")
    (tags "LED diameter 3.0mm 2 pins")
    (path /5E10EC52)
    (fp_text reference D7 (at 1.27 -2.96 90) (layer F.SilkS)
      (effects (font (size 1 1) (thickness 0.15)))
    )
    (fp_text value LED (at 1.27 2.96 90) (layer F.Fab)
      (effects (font (size 1 1) (thickness 0.15)))
    )
    (fp_line (start 3.7 -2.25) (end -1.15 -2.25) (layer F.CrtYd) (width 0.05))
    (fp_line (start 3.7 2.25) (end 3.7 -2.25) (layer F.CrtYd) (width 0.05))
    (fp_line (start -1.15 2.25) (end 3.7 2.25) (layer F.CrtYd) (width 0.05))
    (fp_line (start -1.15 -2.25) (end -1.15 2.25) (layer F.CrtYd) (width 0.05))
    (fp_line (start -0.29 1.08) (end -0.29 1.236) (layer F.SilkS) (width 0.12))
    (fp_line (start -0.29 -1.236) (end -0.29 -1.08) (layer F.SilkS) (width 0.12))
    (fp_line (start -0.23 -1.16619) (end -0.23 1.16619) (layer F.Fab) (width 0.1))
    (fp_circle (center 1.27 0) (end 2.77 0) (layer F.Fab) (width 0.1))
    (fp_arc (start 1.27 0) (end 0.229039 1.08) (angle -87.9) (layer F.SilkS) (width 0.12))
    (fp_arc (start 1.27 0) (end 0.229039 -1.08) (angle 87.9) (layer F.SilkS) (width 0.12))
    (fp_arc (start 1.27 0) (end -0.29 1.235516) (angle -108.8) (layer F.SilkS) (width 0.12))
    (fp_arc (start 1.27 0) (end -0.29 -1.235516) (angle 108.8) (layer F.SilkS) (width 0.12))
    (fp_arc (start 1.27 0) (end -0.23 -1.16619) (angle 284.3) (layer F.Fab) (width 0.1))
    (pad 2 thru_hole circle (at 2.54 0 90) (size 1.8 1.8) (drill 0.9) (layers *.Cu *.Mask)
      (net 7 "Net-(D7-Pad2)"))
    (pad 1 thru_hole rect (at 0 0 90) (size 1.8 1.8) (drill 0.9) (layers *.Cu *.Mask)
      (net 8 "Net-(D7-Pad1)"))
    (model ${KISYS3DMOD}/LED_THT.3dshapes/LED_D3.0mm.wrl
      (at (xyz 0 0 0))
      (scale (xyz 1 1 1))
      (rotate (xyz 0 0 0))
    )
  )

  (module LED_THT:LED_D3.0mm (layer F.Cu) (tedit 587A3A7B) (tstamp 5C636382)
    (at 163 110 90)
    (descr "LED, diameter 3.0mm, 2 pins")
    (tags "LED diameter 3.0mm 2 pins")
    (path /5E10ECA6)
    (fp_text reference D8 (at 1.27 -2.96 90) (layer F.SilkS)
      (effects (font (size 1 1) (thickness 0.15)))
    )
    (fp_text value LED (at 1.27 2.96 90) (layer F.Fab)
      (effects (font (size 1 1) (thickness 0.15)))
    )
    (fp_arc (start 1.27 0) (end -0.23 -1.16619) (angle 284.3) (layer F.Fab) (width 0.1))
    (fp_arc (start 1.27 0) (end -0.29 -1.235516) (angle 108.8) (layer F.SilkS) (width 0.12))
    (fp_arc (start 1.27 0) (end -0.29 1.235516) (angle -108.8) (layer F.SilkS) (width 0.12))
    (fp_arc (start 1.27 0) (end 0.229039 -1.08) (angle 87.9) (layer F.SilkS) (width 0.12))
    (fp_arc (start 1.27 0) (end 0.229039 1.08) (angle -87.9) (layer F.SilkS) (width 0.12))
    (fp_circle (center 1.27 0) (end 2.77 0) (layer F.Fab) (width 0.1))
    (fp_line (start -0.23 -1.16619) (end -0.23 1.16619) (layer F.Fab) (width 0.1))
    (fp_line (start -0.29 -1.236) (end -0.29 -1.08) (layer F.SilkS) (width 0.12))
    (fp_line (start -0.29 1.08) (end -0.29 1.236) (layer F.SilkS) (width 0.12))
    (fp_line (start -1.15 -2.25) (end -1.15 2.25) (layer F.CrtYd) (width 0.05))
    (fp_line (start -1.15 2.25) (end 3.7 2.25) (layer F.CrtYd) (width 0.05))
    (fp_line (start 3.7 2.25) (end 3.7 -2.25) (layer F.CrtYd) (width 0.05))
    (fp_line (start 3.7 -2.25) (end -1.15 -2.25) (layer F.CrtYd) (width 0.05))
    (pad 1 thru_hole rect (at 0 0 90) (size 1.8 1.8) (drill 0.9) (layers *.Cu *.Mask)
      (net 9 "Net-(D8-Pad1)"))
    (pad 2 thru_hole circle (at 2.54 0 90) (size 1.8 1.8) (drill 0.9) (layers *.Cu *.Mask)
      (net 10 "Net-(D8-Pad2)"))
    (model ${KISYS3DMOD}/LED_THT.3dshapes/LED_D3.0mm.wrl
      (at (xyz 0 0 0))
      (scale (xyz 1 1 1))
      (rotate (xyz 0 0 0))
    )
  )

  (module Fuse:Fuseholder_Cylinder-5x20mm_Schurter_0031_8201_Horizontal_Open (layer F.Cu) (tedit 5C5EFCED) (tstamp 5C6363AF)
    (at 157.5 121 180)
    (descr http://www.schurter.com/var/schurter/storage/ilcatalogue/files/document/datasheet/en/pdf/typ_OGN.pdf)
    (tags "Fuseholder horizontal open 5x20 Schurter 0031.8201")
    (path /5E101580)
    (fp_text reference F2 (at 9.5 -3 180) (layer F.SilkS)
      (effects (font (size 1 1) (thickness 0.15)))
    )
    (fp_text value 3A (at 11.25 6 180) (layer F.Fab)
      (effects (font (size 1 1) (thickness 0.15)))
    )
    (fp_arc (start 0 0) (end -0.25 1.95) (angle 165.3) (layer F.CrtYd) (width 0.05))
    (fp_arc (start 22.5 0) (end 22.75 -1.95) (angle 165.3) (layer F.CrtYd) (width 0.05))
    (fp_line (start 0 4.8) (end 0 2) (layer F.SilkS) (width 0.12))
    (fp_line (start 22.75 1.95) (end 22.75 5.05) (layer F.CrtYd) (width 0.05))
    (fp_line (start 22.75 -1.95) (end 22.75 -5.05) (layer F.CrtYd) (width 0.05))
    (fp_line (start -0.25 -1.95) (end -0.25 -5.05) (layer F.CrtYd) (width 0.05))
    (fp_line (start 0 4.8) (end 22.5 4.8) (layer F.SilkS) (width 0.12))
    (fp_line (start -0.25 -5.05) (end 22.75 -5.05) (layer F.CrtYd) (width 0.05))
    (fp_line (start 22.75 5.05) (end -0.25 5.05) (layer F.CrtYd) (width 0.05))
    (fp_line (start 0 -4.8) (end 22.5 -4.8) (layer F.SilkS) (width 0.12))
    (fp_line (start 0 -2) (end 0 -4.8) (layer F.SilkS) (width 0.12))
    (fp_line (start 22.5 -2) (end 22.5 -4.8) (layer F.SilkS) (width 0.12))
    (fp_line (start 22.5 4.8) (end 22.5 2) (layer F.SilkS) (width 0.12))
    (fp_line (start -0.25 5.05) (end -0.25 1.95) (layer F.CrtYd) (width 0.05))
    (fp_line (start 22.4 -4.7) (end 0.1 -4.7) (layer F.Fab) (width 0.1))
    (fp_line (start 22.4 4.7) (end 22.4 -4.7) (layer F.Fab) (width 0.1))
    (fp_line (start 0.1 4.7) (end 22.4 4.7) (layer F.Fab) (width 0.1))
    (fp_line (start 0.1 -4.7) (end 0.1 4.7) (layer F.Fab) (width 0.1))
    (fp_text user %R (at 11.25 4 180) (layer F.Fab)
      (effects (font (size 1 1) (thickness 0.15)))
    )
    (pad "" np_thru_hole circle (at 11.25 0 180) (size 2.7 2.7) (drill 2.7) (layers *.Cu *.Mask))
    (pad 2 thru_hole oval (at 22.5 0 180) (size 5 3) (drill 1.3) (layers *.Cu *.Mask)
      (net 17 "Net-(D9-Pad1)"))
    (pad 1 thru_hole oval (at 0 0 180) (size 5 3) (drill 1.3) (layers *.Cu *.Mask)
      (net 11 "Net-(D1-Pad1)"))
    (model ${KISYS3DMOD}/Fuse.3dshapes/Fuseholder_Cylinder-5x20mm_Schurter_0031_8201_Horizontal_Open.wrl
      (at (xyz 0 0 0))
      (scale (xyz 1 1 1))
      (rotate (xyz 0 0 0))
    )
  )

  (module Fuse:Fuseholder_Cylinder-5x20mm_Schurter_0031_8201_Horizontal_Open (layer F.Cu) (tedit 5C5EFC7A) (tstamp 5C6363C9)
    (at 157.5 60 180)
    (descr http://www.schurter.com/var/schurter/storage/ilcatalogue/files/document/datasheet/en/pdf/typ_OGN.pdf)
    (tags "Fuseholder horizontal open 5x20 Schurter 0031.8201")
    (path /5E101521)
    (fp_text reference F3 (at 9.5 -3 180) (layer F.SilkS)
      (effects (font (size 1 1) (thickness 0.15)))
    )
    (fp_text value 1A (at 11.25 6 180) (layer F.Fab)
      (effects (font (size 1 1) (thickness 0.15)))
    )
    (fp_arc (start 0 0) (end -0.25 1.95) (angle 165.3) (layer F.CrtYd) (width 0.05))
    (fp_arc (start 22.5 0) (end 22.75 -1.95) (angle 165.3) (layer F.CrtYd) (width 0.05))
    (fp_line (start 0 4.8) (end 0 2) (layer F.SilkS) (width 0.12))
    (fp_line (start 22.75 1.95) (end 22.75 5.05) (layer F.CrtYd) (width 0.05))
    (fp_line (start 22.75 -1.95) (end 22.75 -5.05) (layer F.CrtYd) (width 0.05))
    (fp_line (start -0.25 -1.95) (end -0.25 -5.05) (layer F.CrtYd) (width 0.05))
    (fp_line (start 0 4.8) (end 22.5 4.8) (layer F.SilkS) (width 0.12))
    (fp_line (start -0.25 -5.05) (end 22.75 -5.05) (layer F.CrtYd) (width 0.05))
    (fp_line (start 22.75 5.05) (end -0.25 5.05) (layer F.CrtYd) (width 0.05))
    (fp_line (start 0 -4.8) (end 22.5 -4.8) (layer F.SilkS) (width 0.12))
    (fp_line (start 0 -2) (end 0 -4.8) (layer F.SilkS) (width 0.12))
    (fp_line (start 22.5 -2) (end 22.5 -4.8) (layer F.SilkS) (width 0.12))
    (fp_line (start 22.5 4.8) (end 22.5 2) (layer F.SilkS) (width 0.12))
    (fp_line (start -0.25 5.05) (end -0.25 1.95) (layer F.CrtYd) (width 0.05))
    (fp_line (start 22.4 -4.7) (end 0.1 -4.7) (layer F.Fab) (width 0.1))
    (fp_line (start 22.4 4.7) (end 22.4 -4.7) (layer F.Fab) (width 0.1))
    (fp_line (start 0.1 4.7) (end 22.4 4.7) (layer F.Fab) (width 0.1))
    (fp_line (start 0.1 -4.7) (end 0.1 4.7) (layer F.Fab) (width 0.1))
    (fp_text user %R (at 11.25 4 180) (layer F.Fab)
      (effects (font (size 1 1) (thickness 0.15)))
    )
    (pad "" np_thru_hole circle (at 11.25 0 180) (size 2.7 2.7) (drill 2.7) (layers *.Cu *.Mask))
    (pad 2 thru_hole oval (at 22.5 0 180) (size 5 3) (drill 1.3) (layers *.Cu *.Mask)
      (net 12 "Net-(F3-Pad2)"))
    (pad 1 thru_hole oval (at 0 0 180) (size 5 3) (drill 1.3) (layers *.Cu *.Mask)
      (net 2 "Net-(D2-Pad2)"))
    (model ${KISYS3DMOD}/Fuse.3dshapes/Fuseholder_Cylinder-5x20mm_Schurter_0031_8201_Horizontal_Open.wrl
      (at (xyz 0 0 0))
      (scale (xyz 1 1 1))
      (rotate (xyz 0 0 0))
    )
  )

  (module Fuse:Fuseholder_Cylinder-5x20mm_Schurter_0031_8201_Horizontal_Open (layer F.Cu) (tedit 5C5EFC97) (tstamp 5C6363E3)
    (at 157.5 71 180)
    (descr http://www.schurter.com/var/schurter/storage/ilcatalogue/files/document/datasheet/en/pdf/typ_OGN.pdf)
    (tags "Fuseholder horizontal open 5x20 Schurter 0031.8201")
    (path /5E10152F)
    (fp_text reference F4 (at 9.5 -3 180) (layer F.SilkS)
      (effects (font (size 1 1) (thickness 0.15)))
    )
    (fp_text value 1A (at 11.25 6 180) (layer F.Fab)
      (effects (font (size 1 1) (thickness 0.15)))
    )
    (fp_text user %R (at 11.25 4 180) (layer F.Fab)
      (effects (font (size 1 1) (thickness 0.15)))
    )
    (fp_line (start 0.1 -4.7) (end 0.1 4.7) (layer F.Fab) (width 0.1))
    (fp_line (start 0.1 4.7) (end 22.4 4.7) (layer F.Fab) (width 0.1))
    (fp_line (start 22.4 4.7) (end 22.4 -4.7) (layer F.Fab) (width 0.1))
    (fp_line (start 22.4 -4.7) (end 0.1 -4.7) (layer F.Fab) (width 0.1))
    (fp_line (start -0.25 5.05) (end -0.25 1.95) (layer F.CrtYd) (width 0.05))
    (fp_line (start 22.5 4.8) (end 22.5 2) (layer F.SilkS) (width 0.12))
    (fp_line (start 22.5 -2) (end 22.5 -4.8) (layer F.SilkS) (width 0.12))
    (fp_line (start 0 -2) (end 0 -4.8) (layer F.SilkS) (width 0.12))
    (fp_line (start 0 -4.8) (end 22.5 -4.8) (layer F.SilkS) (width 0.12))
    (fp_line (start 22.75 5.05) (end -0.25 5.05) (layer F.CrtYd) (width 0.05))
    (fp_line (start -0.25 -5.05) (end 22.75 -5.05) (layer F.CrtYd) (width 0.05))
    (fp_line (start 0 4.8) (end 22.5 4.8) (layer F.SilkS) (width 0.12))
    (fp_line (start -0.25 -1.95) (end -0.25 -5.05) (layer F.CrtYd) (width 0.05))
    (fp_line (start 22.75 -1.95) (end 22.75 -5.05) (layer F.CrtYd) (width 0.05))
    (fp_line (start 22.75 1.95) (end 22.75 5.05) (layer F.CrtYd) (width 0.05))
    (fp_line (start 0 4.8) (end 0 2) (layer F.SilkS) (width 0.12))
    (fp_arc (start 22.5 0) (end 22.75 -1.95) (angle 165.3) (layer F.CrtYd) (width 0.05))
    (fp_arc (start 0 0) (end -0.25 1.95) (angle 165.3) (layer F.CrtYd) (width 0.05))
    (pad 1 thru_hole oval (at 0 0 180) (size 5 3) (drill 1.3) (layers *.Cu *.Mask)
      (net 4 "Net-(D4-Pad1)"))
    (pad 2 thru_hole oval (at 22.5 0 180) (size 5 3) (drill 1.3) (layers *.Cu *.Mask)
      (net 12 "Net-(F3-Pad2)"))
    (pad "" np_thru_hole circle (at 11.25 0 180) (size 2.7 2.7) (drill 2.7) (layers *.Cu *.Mask))
    (model ${KISYS3DMOD}/Fuse.3dshapes/Fuseholder_Cylinder-5x20mm_Schurter_0031_8201_Horizontal_Open.wrl
      (at (xyz 0 0 0))
      (scale (xyz 1 1 1))
      (rotate (xyz 0 0 0))
    )
  )

  (module Fuse:Fuseholder_Cylinder-5x20mm_Schurter_0031_8201_Horizontal_Open (layer F.Cu) (tedit 5C5EFCAA) (tstamp 5C6363FD)
    (at 157.5 85 180)
    (descr http://www.schurter.com/var/schurter/storage/ilcatalogue/files/document/datasheet/en/pdf/typ_OGN.pdf)
    (tags "Fuseholder horizontal open 5x20 Schurter 0031.8201")
    (path /5E101549)
    (fp_text reference F5 (at 9.5 -3 180) (layer F.SilkS)
      (effects (font (size 1 1) (thickness 0.15)))
    )
    (fp_text value 3A (at 11.25 6 180) (layer F.Fab)
      (effects (font (size 1 1) (thickness 0.15)))
    )
    (fp_arc (start 0 0) (end -0.25 1.95) (angle 165.3) (layer F.CrtYd) (width 0.05))
    (fp_arc (start 22.5 0) (end 22.75 -1.95) (angle 165.3) (layer F.CrtYd) (width 0.05))
    (fp_line (start 0 4.8) (end 0 2) (layer F.SilkS) (width 0.12))
    (fp_line (start 22.75 1.95) (end 22.75 5.05) (layer F.CrtYd) (width 0.05))
    (fp_line (start 22.75 -1.95) (end 22.75 -5.05) (layer F.CrtYd) (width 0.05))
    (fp_line (start -0.25 -1.95) (end -0.25 -5.05) (layer F.CrtYd) (width 0.05))
    (fp_line (start 0 4.8) (end 22.5 4.8) (layer F.SilkS) (width 0.12))
    (fp_line (start -0.25 -5.05) (end 22.75 -5.05) (layer F.CrtYd) (width 0.05))
    (fp_line (start 22.75 5.05) (end -0.25 5.05) (layer F.CrtYd) (width 0.05))
    (fp_line (start 0 -4.8) (end 22.5 -4.8) (layer F.SilkS) (width 0.12))
    (fp_line (start 0 -2) (end 0 -4.8) (layer F.SilkS) (width 0.12))
    (fp_line (start 22.5 -2) (end 22.5 -4.8) (layer F.SilkS) (width 0.12))
    (fp_line (start 22.5 4.8) (end 22.5 2) (layer F.SilkS) (width 0.12))
    (fp_line (start -0.25 5.05) (end -0.25 1.95) (layer F.CrtYd) (width 0.05))
    (fp_line (start 22.4 -4.7) (end 0.1 -4.7) (layer F.Fab) (width 0.1))
    (fp_line (start 22.4 4.7) (end 22.4 -4.7) (layer F.Fab) (width 0.1))
    (fp_line (start 0.1 4.7) (end 22.4 4.7) (layer F.Fab) (width 0.1))
    (fp_line (start 0.1 -4.7) (end 0.1 4.7) (layer F.Fab) (width 0.1))
    (fp_text user %R (at 11.25 4 180) (layer F.Fab)
      (effects (font (size 1 1) (thickness 0.15)))
    )
    (pad "" np_thru_hole circle (at 11.25 0 180) (size 2.7 2.7) (drill 2.7) (layers *.Cu *.Mask))
    (pad 2 thru_hole oval (at 22.5 0 180) (size 5 3) (drill 1.3) (layers *.Cu *.Mask)
      (net 11 "Net-(D1-Pad1)"))
    (pad 1 thru_hole oval (at 0 0 180) (size 5 3) (drill 1.3) (layers *.Cu *.Mask)
      (net 5 "Net-(D6-Pad1)"))
    (model ${KISYS3DMOD}/Fuse.3dshapes/Fuseholder_Cylinder-5x20mm_Schurter_0031_8201_Horizontal_Open.wrl
      (at (xyz 0 0 0))
      (scale (xyz 1 1 1))
      (rotate (xyz 0 0 0))
    )
  )

  (module Fuse:Fuseholder_Cylinder-5x20mm_Schurter_0031_8201_Horizontal_Open (layer F.Cu) (tedit 5C5EFCC4) (tstamp 5C636417)
    (at 157.5 97 180)
    (descr http://www.schurter.com/var/schurter/storage/ilcatalogue/files/document/datasheet/en/pdf/typ_OGN.pdf)
    (tags "Fuseholder horizontal open 5x20 Schurter 0031.8201")
    (path /5E101557)
    (fp_text reference F6 (at 9.5 -3 180) (layer F.SilkS)
      (effects (font (size 1 1) (thickness 0.15)))
    )
    (fp_text value 3A (at 11.25 6 180) (layer F.Fab)
      (effects (font (size 1 1) (thickness 0.15)))
    )
    (fp_text user %R (at 11.25 4 180) (layer F.Fab)
      (effects (font (size 1 1) (thickness 0.15)))
    )
    (fp_line (start 0.1 -4.7) (end 0.1 4.7) (layer F.Fab) (width 0.1))
    (fp_line (start 0.1 4.7) (end 22.4 4.7) (layer F.Fab) (width 0.1))
    (fp_line (start 22.4 4.7) (end 22.4 -4.7) (layer F.Fab) (width 0.1))
    (fp_line (start 22.4 -4.7) (end 0.1 -4.7) (layer F.Fab) (width 0.1))
    (fp_line (start -0.25 5.05) (end -0.25 1.95) (layer F.CrtYd) (width 0.05))
    (fp_line (start 22.5 4.8) (end 22.5 2) (layer F.SilkS) (width 0.12))
    (fp_line (start 22.5 -2) (end 22.5 -4.8) (layer F.SilkS) (width 0.12))
    (fp_line (start 0 -2) (end 0 -4.8) (layer F.SilkS) (width 0.12))
    (fp_line (start 0 -4.8) (end 22.5 -4.8) (layer F.SilkS) (width 0.12))
    (fp_line (start 22.75 5.05) (end -0.25 5.05) (layer F.CrtYd) (width 0.05))
    (fp_line (start -0.25 -5.05) (end 22.75 -5.05) (layer F.CrtYd) (width 0.05))
    (fp_line (start 0 4.8) (end 22.5 4.8) (layer F.SilkS) (width 0.12))
    (fp_line (start -0.25 -1.95) (end -0.25 -5.05) (layer F.CrtYd) (width 0.05))
    (fp_line (start 22.75 -1.95) (end 22.75 -5.05) (layer F.CrtYd) (width 0.05))
    (fp_line (start 22.75 1.95) (end 22.75 5.05) (layer F.CrtYd) (width 0.05))
    (fp_line (start 0 4.8) (end 0 2) (layer F.SilkS) (width 0.12))
    (fp_arc (start 22.5 0) (end 22.75 -1.95) (angle 165.3) (layer F.CrtYd) (width 0.05))
    (fp_arc (start 0 0) (end -0.25 1.95) (angle 165.3) (layer F.CrtYd) (width 0.05))
    (pad 1 thru_hole oval (at 0 0 180) (size 5 3) (drill 1.3) (layers *.Cu *.Mask)
      (net 8 "Net-(D7-Pad1)"))
    (pad 2 thru_hole oval (at 22.5 0 180) (size 5 3) (drill 1.3) (layers *.Cu *.Mask)
      (net 11 "Net-(D1-Pad1)"))
    (pad "" np_thru_hole circle (at 11.25 0 180) (size 2.7 2.7) (drill 2.7) (layers *.Cu *.Mask))
    (model ${KISYS3DMOD}/Fuse.3dshapes/Fuseholder_Cylinder-5x20mm_Schurter_0031_8201_Horizontal_Open.wrl
      (at (xyz 0 0 0))
      (scale (xyz 1 1 1))
      (rotate (xyz 0 0 0))
    )
  )

  (module Fuse:Fuseholder_Cylinder-5x20mm_Schurter_0031_8201_Horizontal_Open (layer F.Cu) (tedit 5C5EFCD7) (tstamp 5C636431)
    (at 157.5 109 180)
    (descr http://www.schurter.com/var/schurter/storage/ilcatalogue/files/document/datasheet/en/pdf/typ_OGN.pdf)
    (tags "Fuseholder horizontal open 5x20 Schurter 0031.8201")
    (path /5E101565)
    (fp_text reference F7 (at 9.5 -3 180) (layer F.SilkS)
      (effects (font (size 1 1) (thickness 0.15)))
    )
    (fp_text value 3A (at 11.25 6 180) (layer F.Fab)
      (effects (font (size 1 1) (thickness 0.15)))
    )
    (fp_text user %R (at 11.25 4 180) (layer F.Fab)
      (effects (font (size 1 1) (thickness 0.15)))
    )
    (fp_line (start 0.1 -4.7) (end 0.1 4.7) (layer F.Fab) (width 0.1))
    (fp_line (start 0.1 4.7) (end 22.4 4.7) (layer F.Fab) (width 0.1))
    (fp_line (start 22.4 4.7) (end 22.4 -4.7) (layer F.Fab) (width 0.1))
    (fp_line (start 22.4 -4.7) (end 0.1 -4.7) (layer F.Fab) (width 0.1))
    (fp_line (start -0.25 5.05) (end -0.25 1.95) (layer F.CrtYd) (width 0.05))
    (fp_line (start 22.5 4.8) (end 22.5 2) (layer F.SilkS) (width 0.12))
    (fp_line (start 22.5 -2) (end 22.5 -4.8) (layer F.SilkS) (width 0.12))
    (fp_line (start 0 -2) (end 0 -4.8) (layer F.SilkS) (width 0.12))
    (fp_line (start 0 -4.8) (end 22.5 -4.8) (layer F.SilkS) (width 0.12))
    (fp_line (start 22.75 5.05) (end -0.25 5.05) (layer F.CrtYd) (width 0.05))
    (fp_line (start -0.25 -5.05) (end 22.75 -5.05) (layer F.CrtYd) (width 0.05))
    (fp_line (start 0 4.8) (end 22.5 4.8) (layer F.SilkS) (width 0.12))
    (fp_line (start -0.25 -1.95) (end -0.25 -5.05) (layer F.CrtYd) (width 0.05))
    (fp_line (start 22.75 -1.95) (end 22.75 -5.05) (layer F.CrtYd) (width 0.05))
    (fp_line (start 22.75 1.95) (end 22.75 5.05) (layer F.CrtYd) (width 0.05))
    (fp_line (start 0 4.8) (end 0 2) (layer F.SilkS) (width 0.12))
    (fp_arc (start 22.5 0) (end 22.75 -1.95) (angle 165.3) (layer F.CrtYd) (width 0.05))
    (fp_arc (start 0 0) (end -0.25 1.95) (angle 165.3) (layer F.CrtYd) (width 0.05))
    (pad 1 thru_hole oval (at 0 0 180) (size 5 3) (drill 1.3) (layers *.Cu *.Mask)
      (net 9 "Net-(D8-Pad1)"))
    (pad 2 thru_hole oval (at 22.5 0 180) (size 5 3) (drill 1.3) (layers *.Cu *.Mask)
      (net 11 "Net-(D1-Pad1)"))
    (pad "" np_thru_hole circle (at 11.25 0 180) (size 2.7 2.7) (drill 2.7) (layers *.Cu *.Mask))
    (model ${KISYS3DMOD}/Fuse.3dshapes/Fuseholder_Cylinder-5x20mm_Schurter_0031_8201_Horizontal_Open.wrl
      (at (xyz 0 0 0))
      (scale (xyz 1 1 1))
      (rotate (xyz 0 0 0))
    )
  )

  (module TerminalBlock_Phoenix:TerminalBlock_Phoenix_MKDS-1,5-2_1x02_P5.00mm_Horizontal (layer F.Cu) (tedit 5C5EE939) (tstamp 5C63645D)
    (at 126 62 270)
    (descr "Terminal Block Phoenix MKDS-1,5-2, 2 pins, pitch 5mm, size 10x9.8mm^2, drill diamater 1.3mm, pad diameter 2.6mm, see http://www.farnell.com/datasheets/100425.pdf, script-generated using https://github.com/pointhi/kicad-footprint-generator/scripts/TerminalBlock_Phoenix")
    (tags "THT Terminal Block Phoenix MKDS-1,5-2 pitch 5mm size 10x9.8mm^2 drill 1.3mm pad 2.6mm")
    (path /5E1014F3)
    (fp_text reference J1 (at 2.5 -6.26 270) (layer F.SilkS)
      (effects (font (size 1 1) (thickness 0.15)))
    )
    (fp_text value 230VAC (at 2.5 5.66 270) (layer F.Fab)
      (effects (font (size 1 1) (thickness 0.15)))
    )
    (fp_text user %R (at 2.5 3.2 270) (layer F.Fab)
      (effects (font (size 1 1) (thickness 0.15)))
    )
    (fp_line (start 8 -5.71) (end -3 -5.71) (layer F.CrtYd) (width 0.05))
    (fp_line (start 8 5.1) (end 8 -5.71) (layer F.CrtYd) (width 0.05))
    (fp_line (start -3 5.1) (end 8 5.1) (layer F.CrtYd) (width 0.05))
    (fp_line (start -3 -5.71) (end -3 5.1) (layer F.CrtYd) (width 0.05))
    (fp_line (start -2.8 4.9) (end -2.3 4.9) (layer F.SilkS) (width 0.12))
    (fp_line (start -2.8 4.16) (end -2.8 4.9) (layer F.SilkS) (width 0.12))
    (fp_line (start 3.773 1.023) (end 3.726 1.069) (layer F.SilkS) (width 0.12))
    (fp_line (start 6.07 -1.275) (end 6.035 -1.239) (layer F.SilkS) (width 0.12))
    (fp_line (start 3.966 1.239) (end 3.931 1.274) (layer F.SilkS) (width 0.12))
    (fp_line (start 6.275 -1.069) (end 6.228 -1.023) (layer F.SilkS) (width 0.12))
    (fp_line (start 5.955 -1.138) (end 3.863 0.955) (layer F.Fab) (width 0.1))
    (fp_line (start 6.138 -0.955) (end 4.046 1.138) (layer F.Fab) (width 0.1))
    (fp_line (start 0.955 -1.138) (end -1.138 0.955) (layer F.Fab) (width 0.1))
    (fp_line (start 1.138 -0.955) (end -0.955 1.138) (layer F.Fab) (width 0.1))
    (fp_line (start 7.56 -5.261) (end 7.56 4.66) (layer F.SilkS) (width 0.12))
    (fp_line (start -2.56 -5.261) (end -2.56 4.66) (layer F.SilkS) (width 0.12))
    (fp_line (start -2.56 4.66) (end 7.56 4.66) (layer F.SilkS) (width 0.12))
    (fp_line (start -2.56 -5.261) (end 7.56 -5.261) (layer F.SilkS) (width 0.12))
    (fp_line (start -2.56 -2.301) (end 7.56 -2.301) (layer F.SilkS) (width 0.12))
    (fp_line (start -2.5 -2.3) (end 7.5 -2.3) (layer F.Fab) (width 0.1))
    (fp_line (start -2.56 2.6) (end 7.56 2.6) (layer F.SilkS) (width 0.12))
    (fp_line (start -2.5 2.6) (end 7.5 2.6) (layer F.Fab) (width 0.1))
    (fp_line (start -2.56 4.1) (end 7.56 4.1) (layer F.SilkS) (width 0.12))
    (fp_line (start -2.5 4.1) (end 7.5 4.1) (layer F.Fab) (width 0.1))
    (fp_line (start -2.5 4.1) (end -2.5 -5.2) (layer F.Fab) (width 0.1))
    (fp_line (start -2 4.6) (end -2.5 4.1) (layer F.Fab) (width 0.1))
    (fp_line (start 7.5 4.6) (end -2 4.6) (layer F.Fab) (width 0.1))
    (fp_line (start 7.5 -5.2) (end 7.5 4.6) (layer F.Fab) (width 0.1))
    (fp_line (start -2.5 -5.2) (end 7.5 -5.2) (layer F.Fab) (width 0.1))
    (fp_circle (center 5 0) (end 6.68 0) (layer F.SilkS) (width 0.12))
    (fp_circle (center 5 0) (end 6.5 0) (layer F.Fab) (width 0.1))
    (fp_circle (center 0 0) (end 1.5 0) (layer F.Fab) (width 0.1))
    (fp_arc (start 0 0) (end -0.684 1.535) (angle -25) (layer F.SilkS) (width 0.12))
    (fp_arc (start 0 0) (end -1.535 -0.684) (angle -48) (layer F.SilkS) (width 0.12))
